													
	7702387.1		0	723.7	1	223.1	256.5	33.4	772.7	415.8	1097.3	291.8	8.2
	7702387.1		0	723.7	2	373.3	390	16.6	1172.3	277.4	1174.9	278.7	0.4
	7702387.1		0	723.7	3	481.7	490.1	8.4	1261.6	291.2	1260.3	292.7	0
	7703117.4		0	869.3	1	160.2	185.2	25	1223.9	304.8	919.1	325.2	4.3
	7703117.4		0	869.3	2	443.8	477.2	33.4	926.5	369	1334.3	472.2	6.5
	7703992.2		0	953.9	1	178	211.4	33.4	1316.6	522.9	879.8	459.7	8.2
	7703992.2		0	953.9	2	545.1	578.5	33.4	867	488.3	957.3	793	6.7
	7704952.8		0	836	1	160.2	202	41.8	964.3	762.3	698.4	454.5	7.9
	7704952.8		0	836	2	360.5	385.5	25	702.6	458.8	491	454	3.7
	7705791.9		0	705.9	1	247.2	272	24.8	463.9	450.5	694	604.3	4.2
	7705791.9		0	705.9	2	422.2	430.5	8.3	733	649.1	733	667.6	0.1
	7706505.4		0	1051.9	1	267.7	292.8	25.1	742.9	667	631.8	390.2	4.6
	7706505.4		0	1051.9	2	534.6	601.4	66.8	631.6	359.1	1155.5	405	11.8
	7706505.4		0	1051.9	3	743.3	751.6	8.3	1191.5	437.6	1238.3	437.6	0.6
	7706505.4		0	1051.9	4	1043.5	1051.9	8.4	1329.5	440.1	1329.9	441.4	0
	7707562.6		0	728.9	1	136.5	161.5	25	1314.1	450.7	931.4	450.1	5.7
	7707562.6		0	728.9	2	612.1	620.4	8.3	905.1	426.8	903.8	424.4	0.1
	7708296.2		0	2072.5	1	295.6	345.6	50	903.2	422.1	319.7	433.7	11.9
	7708296.2		0	2072.5	2	562.6	587.5	25	342.4	465.4	296.2	242.1	3.6
	7708296.2		0	2072.5	3	854.5	871.2	16.6	268	209.8	271.1	102.4	1.3
	7708296.2		0	2072.5	4	1021.3	1079.8	58.5	285.4	87.8	1026.4	159.4	17.8
	7708296.2		0	2072.5	5	1371.8	1405	33.2	1044.4	152.1	1221.1	568.3	9.1
	7708296.2		0	2072.5	6	1555.3	1580.3	25	1238.4	620.9	1320.3	359.8	4.2
	7708296.2		0	2072.5	7	1872.3	1880.7	8.4	1379.3	321.2	1379	319.7	0
	7710372.5		0	1097.4	1	179.6	213	33.4	1359.5	346	910.8	458.5	9
	7710372.5		0	1097.4	2	471.7	496.6	25	848	493.1	621.2	638.9	3.8
	7710372.5		0	1097.4	3	621.8	638.5	16.7	629.4	662.7	508.7	756.7	1.8
	7711474.7		0	1713.7	1	136.9	170.3	33.4	524.2	758.3	643.9	367.6	6.7
	7711474.7		0	1713.7	2	312.2	337.2	25	665.9	377.8	937.5	491.4	4.3
	7711474.7		0	1713.7	3	620.8	670.9	50.1	928.1	513.1	643.3	254.6	8.8
	7711474.7		0	1713.7	4	912.8	946.2	33.4	618.1	242.7	246.3	289.9	7.2
	7711474.7		0	1713.7	5	1179.8	1204.8	25	238.1	357.7	77.2	175.9	4.3
	7711474.7		0	1713.7	6	1371.6	1380	8.4	125.7	205.4	130.1	213	0.3
	7711474.7		0	1713.7	7	1705.4	1713.7	8.3	128.6	231.4	241.7	236.6	0.3
	7713195.3		0	835.7	1	1.6	43.2	41.6	334.6	244.5	783.2	351.6	9.3
	7713195.3		0	835.7	2	335.2	343.4	8.3	777.2	299	775.8	224.5	1
	7714039.2		0	717.7	1	267.1	300.5	33.4	765.5	186.3	879.4	458	6.4
	7715302.7		0	547	1	413.4	421.8	8.4	835.4	457.7	833.2	454.2	0.1
	7715859.1		0	749.7	1	307.5	340.9	33.4	829.2	459.5	508.8	309.6	6.1
	7715859.1		0	749.7	2	482.8	491	8.2	456.4	276.9	460.2	264.6	0.1
	7716632.9		0	768.4	1	251.2	284.6	33.4	504.5	245.6	823	394.6	7.7
	7716632.9		0	768.4	2	434.7	468.1	33.4	830.3	410.5	1111.3	584.8	6.2
	7716632.9		0	768.4	3	601.6	610	8.4	1189.7	603.7	1192.9	605.5	0.5
	7717408		0	1253	1	160	193.4	33.4	1212.8	623.3	841.1	440.2	6.5
	7717408		0	1253	2	510.5	535.5	25	834.8	420.7	628.1	369.2	3.8
	7717408		0	1253	3	735.8	760.8	25	605.7	337.5	456.2	218.2	3.1
	7717408		0	1253	4	977.6	986	8.4	443.4	172.7	442.9	118	0.7
	7718666		0	754.1	1	161.7	186.9	25.2	444.1	119.2	677.1	309.1	5.7
	7718666		0	754.1	2	395.4	428.7	33.4	707.6	310.1	1091.8	314.9	6.3
	7718666		0	754.1	3	570.6	587.2	16.6	1171.9	321.6	1301.2	358.5	2.1
	7719424.6		0	1055	1	245.8	287.5	41.8	1257.2	450.3	709.2	435.2	12.8
	7719424.6		0	1055	2	387.6	396.1	8.4	657.3	391.6	655	388.9	0.1
	7719424.6		0	1055	3	621.3	637.9	16.6	644	335.4	588	186.3	2.5
	7719424.6		0	1055	4	813.2	821.4	8.2	591.1	111.3	602.4	111.7	0.2
	7720481.5		0	2342.3	1	173.3	190	16.6	625.5	124.1	759.6	316.7	3
	7720481.5		0	2342.3	2	457	482	25	779.7	360.5	1064.3	418.1	4.8
	7720481.5		0	2342.3	3	673.9	690.6	16.7	1083.1	435.6	1079.8	248.3	2.6
	7720481.5		0	2342.3	4	957.5	999.2	41.7	1075.1	173.5	1327.3	499.5	7.6
	7720481.5		0	2342.3	5	1232.8	1291.2	58.3	1317.4	544.8	521.5	624.5	19.4
	7720481.5		0	2342.3	6	1474.7	1499.8	25.1	492.9	646.3	362	661.3	2.6
	7720481.5		0	2342.3	7	1649.9	1666.6	16.7	311.5	709.9	313.7	711.2	0.1
	7720481.5		0	2342.3	8	1766.7	1883.5	116.8	311.4	716.2	196.1	136.2	24.3
	7720481.5		0	2342.3	9	2075.5	2083.7	8.2	181.5	136.7	177	253.7	1
	7722824		0	1401.5	1	91.7	116.6	25	241.9	313.6	568.9	313.8	6.9
	7722824		0	1401.5	2	425.3	458.6	33.4	581.8	308.6	229.9	360.5	5.6
	7722824		0	1401.5	3	683.9	708.9	25	242.8	399.8	337.9	555.3	3.2
	7722824		0	1401.5	4	867.5	1009.3	141.8	381.1	566.3	1216.3	390.2	25.2
	7722824		0	1401.5	5	1276.3	1284.7	8.4	1299.6	382.7	1302.9	382.1	0.1
	7724226.3		0	1792.6	1	140.9	182.5	41.6	1306.8	373.1	790.7	372.6	9.7
	7724226.3		0	1792.6	2	483	507.9	24.9	743.9	355.4	519.3	275	5.1
	7724226.3		0	1792.6	3	691.4	708.1	16.8	520.7	241.8	536.5	108.2	1.8
	7724226.3		0	1792.6	4	891.6	925	33.4	545.5	74	233.4	311.2	7.6
	7724226.3		0	1792.6	5	1208.7	1267.2	58.5	204.3	336.9	977.8	552.5	19.6
	7724226.3		0	1792.6	6	1550.8	1575.8	24.9	1013.8	580.7	1185.8	784	4.7
	7726021.7		0	698.7	1	122.4	164	41.7	1214.7	830.8	799.7	447.6	11.3
	7726021.7		0	698.7	2	397.6	414.3	16.6	785.8	424.5	815.8	604.3	2.4
	7726723.9		0	763.3	1	179.3	204.3	25	827.8	647.3	754.3	449.1	3.1
	7726723.9		0	763.3	2	346.2	371.2	25	737.4	440.5	984.3	426.7	3.8
	7726723.9		0	763.3	3	454.6	479.7	25.1	1041.9	420.6	1216.2	625	3.7
	7727488.8		0	632.4	1	156.9	190.3	33.4	1209.7	686.4	878.5	458.7	7.9
	7728126.8		0	945.5	1	344.8	369.8	25	944.2	442.2	1059.4	104	6.1
	7728126.8		0	945.5	2	486.6	495.1	8.5	1056.7	38.6	1053.2	40.8	0.1
	7728126.8		0	945.5	3	578.4	611.8	33.4	1053.1	129.5	1147.1	569.8	9.7
	7729072.6		0	1459.6	1	233.2	258.3	25.1	1126.4	552.2	831.6	485.5	6.6
	7729072.6		0	1459.6	2	366.7	375.1	8.4	770.3	447.4	766.8	448.3	0
	7729072.6		0	1459.6	3	466.8	483.6	16.7	679.1	441	546.6	401.3	2.7
	7729072.6		0	1459.6	4	867.4	884	16.6	499.6	401	342.5	542.9	3.5
	7729072.6		0	1459.6	5	1075.8	1100.9	25	312.2	595.1	186.9	673.1	2.4
	7729072.6		0	1459.6	6	1226.1	1234.3	8.3	159.1	730.7	151.7	742.5	0.2
	7730538.9		0	1102.9	1	151.7	210.2	58.5	122.5	752.7	709.2	513.7	15.3
	7730538.9		0	1102.9	2	594	644	50	747.6	485.3	894	151.9	7.9
	7730538.9		0	1102.9	3	860.9	877.6	16.8	880	135.9	743.3	147.9	2
	7731647.1		0	703.7	1	244.8	269.8	24.9	702.6	202.6	979.7	341	4.7
	7731647.1		0	703.7	2	486.8	495	8.2	1023.4	310.4	1020.9	307.7	0.1
	7732352.9		0	940.6	1	239.8	264.9	25.1	940.1	315.2	593.1	403.2	7.7
	7732352.9		0	940.6	2	498.4	523.5	25.1	552.9	447.3	575.4	663.2	3.2
	7732352.9		0	940.6	3	707	715.4	8.3	623.8	712.6	624.6	714.9	0.1
	7733296.5		0	2474.8	1	155.6	188.9	33.4	644.5	723.8	648.3	362	6.9
	7733296.5		0	2474.8	2	405.8	422.4	16.6	655.5	368	471.9	368.6	2.5
	7733296.5		0	2474.8	3	505.9	514.3	8.4	393.5	385.8	392.9	386.6	0
	7733296.5		0	2474.8	4	606	631	25	358.9	370.4	218.6	169.5	4.6
	7733296.5		0	2474.8	5	822.9	831.3	8.3	211.4	157.8	169.2	127.4	0.7
	7733296.5		0	2474.8	6	939.7	1006.4	66.7	146.9	128.5	1029.2	613.7	25.5
	7733296.5		0	2474.8	7	1298.4	1306.9	8.4	1020.7	642.2	920.7	641.9	1.2
	7733296.5		0	2474.8	8	1473.7	1515.4	41.7	922.4	656.8	1098	260.9	7.7
	7733296.5		0	2474.8	9	1698.9	1740.6	41.7	1111.9	235.1	710.2	330.4	8.2
	7733296.5		0	2474.8	10	1999.3	2040.9	41.6	691.1	335.5	393.3	794.5	10.9
	7733296.5		0	2474.8	11	2149.4	2241.1	91.7	390.8	789.3	370.7	827.4	4.2
	7735773.5		0	773.5	1	147.8	181.1	33.4	399.1	868.9	726.2	533.5	9.8
	7735773.5		0	773.5	2	464.8	481.6	16.8	754.3	539.8	766.2	769.1	2.9
	7735773.5		0	773.5	3	690	773.5	83.5	774	844.6	766.2	848.7	0.5
	7736551.5		0	1005	1	145.7	179.1	33.4	765.9	850.4	729.1	547.6	5.9
	7736551.5		0	1005	2	437.7	471.1	33.4	704.4	500.7	368.4	537.9	5.3
	7737563.9		0	743.3	1	167.7	201	33.4	343	577	713.4	423.7	8.1
	7737563.9		0	743.3	2	342.9	359.6	16.6	739.5	412.8	603.2	499.8	2.3
	7737563.9		0	743.3	3	493.1	501.4	8.4	573.5	525.8	549.2	543.5	0.6
	7737563.9		0	743.3	4	726.7	743.3	16.6	474.4	568.7	472.5	574.3	0.1
	7738310.8		0	1064.3	1	246.7	280.1	33.4	483.8	582.8	745	307.6	6.2
	7738310.8		0	1064.3	2	547.1	580.5	33.4	789.9	291.5	1156	461.8	6.5
	7738310.8		0	1064.3	3	714	722.4	8.4	1189.9	477.5	1298.5	480.8	0.9
	7739378.8		0	788.7	1	163.1	204.9	41.7	1314.6	515.6	765.7	450.9	11.1
	7739378.8		0	788.7	2	330	355	25	751.3	420.9	1095.3	465	5.1
	7739378.8		0	788.7	3	513.5	521.9	8.4	1155.3	497.8	1167.1	500.1	0.3
	7740174.4		0	1411.4	1	193.4	218.4	25	1224.3	512.4	887.7	492.2	5.2
	7740174.4		0	1411.4	2	385.3	418.6	33.4	836.1	459	1284.9	598.4	7.4
	7740174.4		0	1411.4	3	585.5	594	8.4	1289.4	620.2	1384.9	629.3	0.6
	7740174.4		0	1411.4	4	719	752.5	33.4	1363.4	668	1051.8	358	7.3
	7740174.4		0	1411.4	5	994.3	1011	16.7	1014.1	315.1	914.8	197.6	2.6
	7741593.4		0	851.7	1	234.3	267.7	33.4	854.3	350.7	660.6	325.7	13
	7741593.4		0	851.7	2	359.4	384.4	25	665.2	339.2	776.4	144.9	3.4
	7741593.4		0	851.7	3	626.4	634.8	8.4	833.4	118	838	118	0.1
	7742448.1		0	822.9	1	255.6	289	33.4	846.2	101.2	533.8	410.3	7.5
	7742448.1		0	822.9	2	439.1	447.5	8.3	501.1	473.6	476.5	471.1	0.3
	7742448.1		0	822.9	3	689.4	698.2	8.8	420.8	432.6	420.8	430.8	0.1
	7743271.7		0	3161.1	1	199.5	216.1	16.6	457.6	423.2	633.8	422.9	2.7
	7743271.7		0	3161.1	2	399.7	416.3	16.6	701.4	431.4	852	506	2.3
	7743271.7		0	3161.1	3	616.6	700	83.4	890.9	552.6	1000.9	696.7	5
	7743271.7		0	3161.1	4	917	950.4	33.3	1023.8	748.9	663.2	622.1	7.5
	7743271.7		0	3161.1	5	1125.5	1150.5	25	618.1	601.6	347.4	723.2	5.2
	7743271.7		0	3161.1	6	1442.4	1450.8	8.4	365.9	725.5	384.4	702.1	0.5
	7743271.7		0	3161.1	7	1709.4	1734.5	25	426	680	364.9	353.1	5
	7743271.7		0	3161.1	8	1893	1901.3	8.4	337.2	292.6	339.2	291.8	0
	7743271.7		0	3161.1	9	2009.8	2026.4	16.6	312.6	282.6	221.8	142.9	2.5
	7743271.7		0	3161.1	10	2285.1	2335.4	50.3	211.8	133.8	203.9	746.6	12.6
	7743271.7		0	3161.1	11	2593.8	2668.8	75	223.2	767.7	1146.9	332.6	26
	7743271.7		0	3161.1	12	2860.7	2877.4	16.8	1193.6	286.1	1330.9	253.3	1.7
	7746439.1		0	1211.5	1	160.4	185.4	25	1278.4	243.2	892.5	349.4	7.9
	7746439.1		0	1211.5	2	494.4	519.2	24.7	850.4	347.1	621.5	590.2	5
	7746439.1		0	1211.5	3	761.1	786.2	25.1	603.8	634.3	357.7	680.8	4.3
	7746439.1		0	1211.5	4	919.6	927.9	8.3	328	739.8	277.6	759.4	0.6
	7747654.7		0	846.9	1	146.2	187.8	41.6	264	788.7	653.2	387	12.6
	7747654.7		0	846.9	2	396.4	404.8	8.4	687.4	397.3	761.7	398.4	0.8
	7748505.5		0	755.3	1	354.9	379.9	25	828.2	435.8	829.3	754	5.7
	7749264.5		0	838.9	1	163.2	188.1	24.9	836.2	781.6	657.4	562.9	4.3
	7749264.5		0	838.9	2	430.1	446.7	16.6	632	521.3	433.7	538.8	2.7
	7749264.5		0	838.9	3	580.2	588.6	8.4	388.1	591.6	387.8	592.3	0
	7750105.4		0	2609.1	1	181.5	206.5	25.1	392.9	621	669.1	529.4	4.2
	7750105.4		0	2609.1	2	632	640.2	8.3	641.4	533.1	640.8	535	0
	7750105.4		0	2609.1	3	790.5	823.9	33.4	651.8	527.1	932.9	394.8	5.9
	7750105.4		0	2609.1	4	1082.5	1099.1	16.6	970	408.8	1095	412.7	2.4
	7750105.4		0	2609.1	5	1224.2	1232.6	8.4	1154.1	439.5	1154.4	442	0
	7750105.4		0	2609.1	6	1449.5	1499.6	50.1	1079.6	436.7	512.8	94.7	15.4
	7750105.4		0	2609.1	7	1833.2	1866.6	33.4	474.5	80.6	341.1	407.8	5.9
	7750105.4		0	2609.1	8	2083.6	2108.6	25	317.5	425.7	256.3	635.1	3.2
	7750105.4		0	2609.1	9	2233.7	2242.1	8.4	240.7	671.2	226.5	715.1	0.6
	7750105.4		0	2609.1	10	2559.1	2609.1	50.1	178.2	748.4	182.2	748.9	0.2
	7752722.7		0	2628	1	0.2	25.2	25	330.7	688.6	556.2	495.8	4.5
	7752722.7		0	2628	2	325.6	333.9	8.3	630.5	479.3	692.9	474.4	0.9
	7752722.7		0	2628	3	542.4	567.4	25	756.3	441.1	998.5	415.7	4
	7752722.7		0	2628	4	725.9	734.3	8.4	1083.2	401.6	1081.3	399.5	0.1
	7752722.7		0	2628	5	876.2	909.6	33.4	1074.2	408.9	760	519.1	6
	7752722.7		0	2628	6	1101.4	1118	16.6	760.8	549.6	603.9	551.5	1.8
	7752722.7		0	2628	7	1360.1	1418.4	58.3	532.2	577.7	340.2	265.4	8.3
	7752722.7		0	2628	8	1752.2	1777.1	25	320.1	293.7	141.3	597.2	6.5
	7752722.7		0	2628	9	2027.4	2135.9	108.5	150.8	649.3	1132.8	117.9	37.9
	7752722.7		0	2628	10	2336.1	2344.4	8.3	1099.4	134.1	1069.6	132.3	0.6
	7755352.3		0	1057.9	1	173.5	207	33.4	995	140.8	738.8	289.8	6.4
	7755352.3		0	1057.9	2	440.5	465.5	25	729.7	315.5	745.1	572.7	3.9
	7755352.3		0	1057.9	3	657.4	690.8	33.4	788.6	607.8	1230.5	675.2	8.6
	7755352.3		0	1057.9	4	840.9	849.3	8.4	1253.3	748	1256.6	760.7	0.4
	7756413.8		0	972.4	1	138.2	179.9	41.7	1257.1	799.2	792.3	439.7	11.6
	7756413.8		0	972.4	2	488.5	513.6	25.1	751.8	440	488.7	547.2	4.4
	7756413.8		0	972.4	3	697.2	705.5	8.3	467.4	608.8	468.1	624.5	0.2
	7757392		0	995.3	1	152.8	177.8	25.1	519.5	643.5	713.5	437.7	4.6
	7757392		0	995.3	2	503.2	528.2	25	735.6	419.7	477.5	590.5	5.7
	7757392		0	995.3	3	686.7	711.7	25	433.9	629.2	266.9	586.4	2.7
	7757392		0	995.3	4	878.6	886.9	8.4	202	570.8	194.1	570.9	0.1
	7758390.4		0	3333.9	1	105.4	138.9	33.4	183.1	563.8	597.7	413.1	8.6
	7758390.4		0	3333.9	2	464.2	472.6	8.4	627.8	398.6	728.3	396.8	0.9
	7758390.4		0	3333.9	3	931.3	939.7	8.5	744.9	393.1	744.3	397.7	0.3
	7758390.4		0	3333.9	4	1089.8	1123.2	33.4	714.1	426.6	368.2	308.9	7.2
	7758390.4		0	3333.9	5	1415.1	1448.5	33.4	335.6	276.7	107.8	429.1	6
	7758390.4		0	3333.9	6	1715.5	1790.6	75.1	140.4	444.4	1009.5	126.5	21.3
	7758390.4		0	3333.9	7	2065.9	2074.3	8.4	995.4	138.6	953	141.7	0.7
	7758390.4		0	3333.9	8	2216	2257.9	41.9	907.9	159	1210.8	714	12.8
	7758390.4		0	3333.9	9	2499.7	2508.1	8.4	1187	727.4	1090.4	728.8	0.9
	7758390.4		0	3333.9	10	2674.9	2725.1	50.2	1081.5	742.1	402.6	735.8	13.9
	7758390.4		0	3333.9	11	2991.9	3000.2	8.3	390.4	744.3	392.1	827.9	0.7
	7761728.4		0	1063.8	1	4.1	45.9	41.8	398.4	873	669	470.7	9.7
	7761728.4		0	1063.8	2	529.8	563.1	33.4	639.8	448.7	297.2	305.9	7.1
	7761728.4		0	1063.8	3	688.2	705	16.8	263.6	319.3	166.7	447	2.2
	7761728.4		0	1063.8	4	863.5	871.9	8.4	122.9	498.9	121.5	498.6	0.1
	7762793.7		0	1842	1	131.9	173.6	41.7	148.8	485	674.1	438.6	10.9
	7762793.7		0	1842	2	457.2	482.4	25.2	706.3	427.1	989.7	499.2	4.4
	7762793.7		0	1842	3	849.3	874.3	25	982.4	540.8	674.2	525.4	5.6
	7762793.7		0	1842	4	1016.2	1033	16.8	676.7	471.3	574.3	397.9	1.8
	7762793.7		0	1842	5	1224.8	1249.8	25.1	523.2	400.7	525.8	139.9	3.9
	7762793.7		0	1842	6	1475	1483.5	8.4	511.7	103.5	422.6	105.1	0.8
	7762793.7		0	1842	7	1733.8	1742	8.2	354.6	125.4	354.1	123.7	0.1
	7764637.8		0	1683.1	1	156.5	181.5	25	387.3	156.6	685	348.3	6.7
	7764637.8		0	1683.1	2	356.7	365	8.4	751.9	370.1	755.9	371.3	0.1
	7764637.8		0	1683.1	3	490.2	515.2	24.9	746.8	456.1	733.4	679.5	4.8
	7764637.8		0	1683.1	4	773.8	782.1	8.3	708.8	719.5	697.6	760.1	0.9
	7764637.8		0	1683.1	5	924	957.4	33.4	672.8	794.8	1101.8	799	7.3
	7764637.8		0	1683.1	6	1190.9	1232.6	41.7	1124.9	807.2	1195.4	212.6	10.8
	7764637.8		0	1683.1	7	1432.9	1449.5	16.6	1189.3	161.9	1129.8	159	0.6
	7764637.8		0	1683.1	8	1541.4	1549.6	8.2	1112.1	102.3	1110.5	99.4	0.1
	7766329.2		0	692.4	1	158.5	191.9	33.4	1094.2	81.2	765.3	274.9	6
	7766329.2		0	692.4	2	375.4	392.2	16.7	753.5	287.6	641.6	406.3	2.1
	7766329.2		0	692.4	3	550.7	559	8.4	599.5	454.4	593.6	465.3	0.2
	7767027		0	712.1	1	286.6	320	33.4	589.7	486.5	831.4	333.3	4.7
	7767027		0	712.1	2	461.8	503.6	41.8	842	335.5	498.5	772.5	11.2
	7767741.9		0	656.5	1	155.8	189.2	33.4	486.7	804.9	652.8	420.2	6.7
	7767741.9		0	656.5	2	356	381	25	664	425.1	486	695.7	5.7
	7768405.4		0	2020.1	1	118	151.3	33.4	428.9	691.3	604.8	421.3	6.3
	7768405.4		0	2020.1	2	560.1	585	25	633.5	407.8	844	283.6	3.6
	7768405.4		0	2020.1	3	793.7	802.1	8.4	842.5	219.4	760.9	191.2	1
	7768405.4		0	2020.1	4	902.2	910.4	8.2	725.5	128.7	723.6	128.5	0.1
	7768405.4		0	2020.1	5	1002.2	1052.3	50.1	692	139.1	213.7	406.6	12.7
	7768405.4		0	2020.1	6	1277.5	1344.3	66.8	227.9	483.5	228.2	624	3.6
	7768405.4		0	2020.1	7	1519.4	1586.2	66.7	246	703	1183.1	604.9	23.4
	7768405.4		0	2020.1	8	1828.2	1836.6	8.4	1250.6	628.8	1325.8	736.9	1.3
	7770431.2		0	1645.8	1	85.9	127.6	41.7	1357.9	760.5	851	494.3	11.1
	7770431.2		0	1645.8	2	478	511.4	33.4	875.9	502	1256.7	604.6	7.7
	7770431.2		0	1645.8	3	686.5	719.9	33.4	1276.4	604.8	1287.3	121.5	9.3
	7770431.2		0	1645.8	4	978.6	1020.2	41.7	1248.7	133.9	680.9	304	11.8
	7770431.2		0	1645.8	5	1245.5	1278.9	33.4	634.6	329.1	256.2	615.1	9
	7770431.2		0	1645.8	6	1470.7	1479.1	8.4	257.6	687.9	237.4	691.3	0.4
	7770431.2		0	1645.8	7	1579.2	1645.8	66.6	164.9	718	154.5	714.8	0.3
	7772084.7		0	568.1	1	84.2	117.6	33.4	170.2	716.1	585.8	501	8.7
	7772084.7		0	568.1	2	326.1	334.4	8.4	576.1	441.3	574	404	0.5
	7772654.4		0	6055	1	282	307	25	532	394.6	782.9	392.8	3.8
	7772654.4		0	6055	2	549	590.6	41.6	829.4	379.2	1119.5	624.6	8.6
	7772654.4		0	6055	3	790.9	807.6	16.7	1124.9	635.2	1229.2	684.7	1.5
	7772654.4		0	6055	4	941.1	991.1	50	1250.5	728.4	1256.6	173.3	11.3
	7772654.4		0	6055	5	1233	1241.5	8.4	1220.2	177	1145	173.3	0.5
	7772654.4		0	6055	6	1349.9	1425	75.1	1142.3	143.9	285.8	335.3	21.4
	7772654.4		0	6055	7	1708.6	1725.2	16.6	298	350.5	303.3	540.3	2.2
	7772654.4		0	6055	8	1950.5	1975.5	25	293.1	581.2	465.8	723.4	3.4
	7772654.4		0	6055	9	2209.1	2242.5	33.4	485.9	761.8	190.6	775	5.2
	7772654.4		0	6055	10	2434.3	2484.5	50.2	215	809.6	884.1	797.6	15.5
	7772654.4		0	6055	11	2701.3	2709.7	8.4	816.6	770.7	706.2	768.8	1.2
	7772654.4		0	6055	12	2876.5	2909.8	33.4	751.5	779.8	1219.2	792.7	9.8
	7772654.4		0	6055	13	3151.8	3218.5	66.7	1235.2	819.2	552	180	25.6
	7772654.4		0	6055	14	3393.7	3410.4	16.7	568.8	146.3	449.3	135.5	1.7
	7772654.4		0	6055	15	3652.3	3677.4	25.1	397.6	130	661.1	248	4.2
	7772654.4		0	6055	16	3944.3	3986.1	41.8	646.8	261.1	141.2	202.7	10.8
	7772654.4		0	6055	17	4253	4278	25	131.6	220.3	128.7	501.3	4.1
	7772654.4		0	6055	18	4511.7	4536.7	25	135.6	530.2	211.2	209.1	5.3
	7772654.4		0	6055	19	4728.5	4786.9	58.4	220.2	144.2	1049.2	136.3	20.2
	7772654.4		0	6055	20	5154	5179	25	1107.1	135.4	1291.2	373.2	4.4
	7772654.4		0	6055	21	5504.4	5562.7	58.3	1310.5	409.5	567.6	553.5	18.5
	7772654.4		0	6055	22	5687.9	5763	75.1	593.3	578	1425.1	546	23.5
	7778716.3		0	1327.8	1	193.3	218.4	25	1437.8	561.8	1057.4	565.8	5.7
	7778716.3		0	1327.8	2	452	476.9	25	1018.5	549.7	755.8	382.9	4.5
	7778716.3		0	1327.8	3	635.5	668.9	33.4	742.5	369.8	1213.6	594.8	10.1
	7778716.3		0	1327.8	4	852.3	869	16.7	1262.6	634.8	1341.7	658.1	1.2
	7778716.3		0	1327.8	5	1019.2	1036	16.8	1334.4	700.6	1129.3	710.1	2.8
	7778716.3		0	1327.8	6	1177.7	1186	8.3	1074	741	1039.7	749.2	0.3
	7780046.8		0	1090.3	1	172.5	205.9	33.4	1000.4	750.2	788.3	470.6	6.9
	7780046.8		0	1090.3	2	489.5	539.5	50	808.7	430.9	1186.6	166.6	9.4
	7780046.8		0	1090.3	3	756.5	764.9	8.3	1168.8	133.7	1093.1	119.5	0.8
	7780046.8		0	1090.3	4	890	898.4	8.4	1041.9	86.8	1040.4	84.3	0.1
	7781144.5		0	1018.6	1	251.1	301.1	50	984.6	87.1	684.7	581.2	13.2
	7781144.5		0	1018.6	2	576.3	584.7	8.4	679.5	594.9	540.6	680.2	1.5
	7781144.5		0	1018.6	3	668.2	701.6	33.4	481.5	704.5	869.9	411.7	9.1
	7782168.4		0	2464	1	370	386.8	16.8	875.6	462.6	678.2	551.3	3
	7782168.4		0	2464	2	570.3	578.7	8.4	635.8	587.8	519.3	648.6	1.3
	7782168.4		0	2464	3	737.2	770.6	33.4	480.2	680.2	495.6	224.4	9
	7782168.4		0	2464	4	1112.5	1129.3	16.7	490.9	168.8	266.7	158.1	3.1
	7782168.4		0	2464	5	1396.2	1479.7	83.5	199.4	149.9	1238.4	699.1	32.3
	7782168.4		0	2464	6	1779.9	1796.7	16.7	1249.2	730.9	1179.6	845.9	1.9
	7782168.4		0	2464	7	1930.1	1996.9	66.8	1170	875.3	1277.8	102.3	22.2
	7782168.4		0	2464	8	2263.8	2272.1	8.4	1259.2	151	1258.5	255.3	0.8
	7784633.1		0	675.1	1	191.2	207.9	16.8	1277.3	249	1110.4	264.3	2.1
	7784633.1		0	675.1	2	349.7	366.5	16.7	1100.4	290	1073.6	417.6	1.8
	7785309.8		0	790.9	1	248.5	273.7	25.1	1019.5	469.9	768.3	434.3	4
	7785309.8		0	790.9	2	457.2	482.2	25	720	388.4	618.1	371.6	1.9
	7786101.3		0	741.9	1	266.3	366.4	100.1	595.2	389.8	1042	511.4	11.7
	7786847.4		0	1138.7	1	213	237.7	24.6	1014.6	560.5	778.8	412.4	5.4
	7786847.4		0	1138.7	2	479.7	504.7	25	729.8	383.8	610.1	233.4	3.2
	7786847.4		0	1138.7	3	688.5	755	66.4	588.6	156.4	414.5	85.4	4.3
	7786847.4		0	1138.7	4	1071.9	1138.7	66.7	362.4	96.3	352.4	100.3	0.3
	7787989.7		0	955.6	1	154.8	188.2	33.4	357.9	113.9	696.1	312.8	7.1
	7787989.7		0	955.6	2	363.4	380	16.6	763.9	320	898.7	395.5	2.6
	7787989.7		0	955.6	3	546.9	563.7	16.8	973.8	415.2	1137.6	426.3	2.4
	7787989.7		0	955.6	4	705.4	713.8	8.4	1205.8	444.9	1232.6	444.4	0.4
	7788954		0	800.6	1	149.9	191.6	41.8	1243.8	439.9	762.1	365.1	9.9
	7788954		0	800.6	2	400.2	416.8	16.6	726.8	340.9	830.4	432.4	1.7
	7789758		0	1064.5	1	313.6	355.3	41.7	861.6	474.5	523.6	276.1	7.6
	7789758		0	1064.5	2	455.5	463.8	8.3	541.6	274.2	543	172.3	0.9
	7789758		0	1064.5	3	639	672.3	33.4	542.1	103	359.8	486.2	7.1
	7789758		0	1064.5	4	839.3	847.6	8.3	347.7	544.5	296.3	555.1	0.6
	7789758		0	1064.5	5	1047.9	1064.5	16.6	242.9	594.5	243.4	595.9	0
	7790823.6		0	1625.7	1	165.7	207.4	41.7	247.7	596.5	689.5	422.6	11.1
	7790823.6		0	1625.7	2	390.9	407.6	16.6	727.8	454.7	877.1	550.1	2.5
	7790823.6		0	1625.7	3	699.5	732.9	33.4	913.2	581.7	490.4	604.8	7.3
	7790823.6		0	1625.7	4	899.8	908.1	8.4	437	622.6	348.6	624.7	0.8
	7790823.6		0	1625.7	5	1033.3	1075	41.8	300	643.6	190.7	229.1	8.2
	7790823.6		0	1625.7	6	1283.6	1291.9	8.3	172.7	284.7	167.3	292.4	0.3
	7790823.6		0	1625.7	7	1608.9	1625.7	16.8	202.5	326.7	430.4	318.5	2.2
	7792455.9		0	1820.3	1	118.5	126.8	8.4	694.9	297.7	695.5	294.9	0.1
	7792455.9		0	1820.3	2	368.7	402.1	33.4	700.9	290.6	1026.9	333.8	6.2
	7792455.9		0	1820.3	3	635.8	660.7	24.9	1071.3	375.5	1298.2	197.8	4.3
	7792455.9		0	1820.3	4	869.3	944.3	75	1274.4	208	406.5	383.4	23.1
	7792455.9		0	1820.3	5	1152.9	1244.7	91.8	426.6	459.6	268.1	469.9	3.8
	7792455.9		0	1820.3	6	1411.6	1428.2	16.6	248.6	503.6	245.5	230	3.6
	7792455.9		0	1820.3	7	1536.6	1545.1	8.4	220.6	158.4	219.8	158.6	0
	7794280.7		0	1163.5	1	3.9	104	100.1	233.4	158.9	655.7	300.7	12.1
	7794280.7		0	1163.5	2	304.1	337.5	33.4	709.6	315.7	1024.9	512.4	5.9
	7794280.7		0	1163.5	3	604.5	654.7	50.1	1042.2	539.7	362.3	621.7	14.1
	7794280.7		0	1163.5	4	838.3	863.1	24.8	353.5	630.9	177.3	721.2	2.8
	7794280.7		0	1163.5	5	1021.6	1030	8.4	151.9	787.8	146.1	795.2	0.2
	7795447.1		0	4518.6	1	5.4	113.8	108.3	130.4	805.2	597.3	551.8	14.8
	7795447.1		0	4518.6	2	372.4	389.1	16.8	653.2	522	772.1	401.9	2.3
	7795447.1		0	4518.6	3	664.4	689.4	25	800.9	393.1	498.9	488.7	4.8
	7795447.1		0	4518.6	4	847.9	881.3	33.4	475.5	515.8	269.7	171	7.8
	7795447.1		0	4518.6	5	1148.3	1198.4	50.1	255	158.2	186.9	776.3	12.3
	7795447.1		0	4518.6	6	1440.4	1515.4	75	193.2	862.3	1141.5	625.3	24.6
	7795447.1		0	4518.6	7	1799	1849	50	1182.2	606.5	1120.3	55.1	28.1
	7795447.1		0	4518.6	8	2040.8	2091	50.2	1143.9	121.4	796.1	350.8	9
	7795447.1		0	4518.6	9	2341.2	2349.6	8.4	775.8	343.3	777.1	439.8	0.8
	7795447.1		0	4518.6	10	2566.5	2599.8	33.3	782	486.5	1184.3	625.9	6.7
	7795447.1		0	4518.6	11	2958.6	2966.9	8.4	1198.1	685.5	1198.5	780.8	1
	7795447.1		0	4518.6	12	3183.9	3233.8	50	1192.8	823	1172.5	177.3	14.9
	7795447.1		0	4518.6	13	3542.5	3592.6	50	1170.4	171.2	411.1	161.3	16.1
	7795447.1		0	4518.6	14	3817.8	3834.5	16.8	336.8	149.3	200.7	130	2.3
	7795447.1		0	4518.6	15	3993	4043	50	165.6	151.8	192.8	660.8	11.4
	7795447.1		0	4518.6	16	4268.3	4276.6	8.3	172	697.1	167.8	700.2	0.2
	7799970.1		0	829.9	1	3.9	70.6	66.7	137.1	718.5	559.3	554.2	11.6
	7799970.1		0	829.9	2	329.3	412.8	83.5	619.2	516	705.6	328.7	5.4
	7800804.4		0	996.7	1	429.3	471	41.7	672.6	334.3	208.9	487.8	10.8
	7800804.4		0	996.7	2	704.7	713	8.4	226	514	247.5	500.7	0.4
	7801809		0	3053.7	1	0.4	92.1	91.7	267.9	480.1	639.7	379.7	9.6
	7801809		0	3053.7	2	459.2	467.6	8.4	595.6	348.8	591.9	352.5	0.1
	7801809		0	3053.7	3	601.1	634.5	33.4	589.5	372.8	311.5	594.7	5.9
	7801809		0	3053.7	4	851.3	868	16.6	284.4	635.3	171.9	644.6	1.4
	7801809		0	3053.7	5	1068.2	1134.9	66.7	166.7	677.8	875.1	172.8	19.8
	7801809		0	3053.7	6	1351.8	1385.2	33.4	916.9	119.6	1187.5	114.9	4.5
	7801809		0	3053.7	7	1593.8	1643.8	50	1217.4	153.1	1236.4	627.7	8.9
	7801809		0	3053.7	8	1952.6	1969.2	16.6	1246.2	680.5	1082.1	828.9	2.9
	7801809		0	3053.7	9	2161.1	2202.8	41.7	1057.3	842.8	610.5	840.6	8.4
	7801809		0	3053.7	10	2419.6	2561.6	141.9	605	812.5	282.4	146	20.6
	7801809		0	3053.7	11	2770.1	2786.8	16.7	238.5	144.5	133.2	114.7	1.8
	7801809		0	3053.7	12	2987	3053.7	66.8	63.9	122.6	55.4	130	1.1
	7804870		0	1093.9	1	1	76.1	75	52	124.8	623.2	238.5	14.9
	7804870		0	1093.9	2	493.1	526.7	33.5	663	264.3	669.9	560.5	5.4
	7804870		0	1093.9	3	685	701.8	16.8	678.5	560.8	581.7	675.2	2
	7804870		0	1093.9	4	885.4	893.7	8.3	569.4	747.8	572.7	751.7	0.2
	7805966		0	857.2	1	89.7	114.7	25	606.3	727	644.5	468.6	4.6
	7805966		0	857.2	2	431.7	465.1	33.4	669.7	439.6	773.2	699.9	5
	7805966		0	857.2	3	690.3	698.7	8.4	812	750.4	813.1	751.6	0
	7806830.3		0	693.6	1	159.7	184.7	25	817.9	743.6	742.6	488.1	4.3
	7806830.3		0	693.6	2	343.2	385	41.8	716.8	416.7	718.4	734.5	6.8
	7807525.1		0	941.5	1	207.4	232.4	25	748.1	722.7	740.1	546.6	3.7
	7807525.1		0	941.5	2	365.9	374.2	8.3	710.5	536.7	717.4	955.3	5.4
	7807525.1		0	941.5	3	466	482.7	16.6	668.6	873.9	728.4	145.1	13.3
	7807525.1		0	941.5	4	632.8	691.3	58.5	741.7	230	743.9	323.4	2.5
	7808470.4		0	630.2	1	288.2	304.8	16.6	718.9	436.8	565.8	533.4	2.7
	7808470.4		0	630.2	2	480	488.4	8.4	524.6	588.8	523	591.7	0.1
	7809108.8		0	642.5	1	183.6	208.6	25	572.5	591.1	699	396.6	3.9
	7809108.8		0	642.5	2	350.5	392.2	41.7	706.7	384.8	198.9	281.1	10.1
	7809757.1		0	3156	1	169.4	202.8	33.4	250.5	289	608	335	6.8
	7809757.1		0	3156	2	428.1	469.7	41.6	634	373.9	895.4	355.2	5.3
	7809757.1		0	3156	3	611.6	619.9	8.3	930.6	336.3	1022.4	325.2	0.9
	7809757.1		0	3156	4	853.4	903.5	50.1	1078.3	299.3	489.3	455	13.3
	7809757.1		0	3156	5	1045.3	1053.7	8.4	449.8	513.8	450.3	513.8	0
	7809757.1		0	3156	6	1195.6	1228.9	33.4	447.6	508.3	328.8	154.9	6.1
	7809757.1		0	3156	7	1462.4	1470.8	8.4	276.6	163.7	216.7	162.2	0.6
	7809757.1		0	3156	8	1579.3	1621	41.8	218.9	181.2	209.5	716.4	10.8
	7809757.1		0	3156	9	1862.9	1912.9	50	197	752.6	864.5	723.1	13.6
	7809757.1		0	3156	10	2163.2	2196.7	33.4	901.7	686.4	1222.7	665.3	6.1
	7809757.1		0	3156	11	2480.2	2538.6	58.4	1225.1	729.5	839.7	224.5	13.3
	7809757.1		0	3156	12	2872.3	2905.7	33.4	855	208	1143.5	143.9	5.6
	7812920.1		0	1477.9	1	234.8	293.3	58.5	1115	152.7	639.9	589.4	13.6
	7812920.1		0	1477.9	2	518.6	535.2	16.6	643.2	570.1	815.6	631.9	2.3
	7812920.1		0	1477.9	3	777.2	827.2	50	855.2	655.2	522.7	322.3	11
	7812920.1		0	1477.9	4	994	1002.4	8.4	488.8	311.3	446	268	0.8
	7812920.1		0	1477.9	5	1210.9	1219.4	8.5	395.3	222.5	394.4	217.2	0.1
	7814401.4		0	747.4	1	138.4	171.7	33.3	418.5	210.5	772.8	437.6	8.2
	7814401.4		0	747.4	2	322	330.3	8.3	754.2	432.1	647.8	424.2	0.9
	7814401.4		0	747.4	3	555.6	563.8	8.3	602.1	373.1	601.2	369.8	0.1
	7815152.1		0	797.6	1	280.4	330.4	50	596.1	336	1001.7	524.6	9.2
	7815152.1		0	797.6	2	472.3	480.6	8.4	991.3	552.8	989	670.9	1.1
	7815957.2		0	935.1	1	159.3	192.7	33.4	1010.3	722	736.4	434.7	6.5
	7815957.2		0	935.1	2	459.9	484.6	24.7	707.6	386.1	753.6	213.4	2.9
	7815957.2		0	935.1	3	609.8	626.5	16.6	780	170.2	670.3	217	1.6
	7816893.3		0	1592.5	1	399.5	432.9	33.4	674.4	277.8	992.7	428.3	6.1
	7816893.3		0	1592.5	2	758.2	791.6	33.4	1024.3	477.6	655.8	595	6.5
	7816893.3		0	1592.5	3	1041.9	1075.3	33.4	587.6	581	320.2	327.4	6.5
	7816893.3		0	1592.5	4	1333.9	1342.2	8.4	323	255.4	329.1	245.9	0.3
	7818492.7		0	827.3	1	176.5	201.6	25.1	367.1	266	663	329.8	5.5
	7818492.7		0	827.3	2	368.4	393.5	25.1	687	364.1	383.5	598.4	6.7
	7818492.7		0	827.3	3	652.1	660.4	8.3	335.4	644.5	334.4	646.4	0
	7819325.1		0	2364.2	1	3.2	103.4	100.1	326.8	646.1	688.6	468.7	10.3
	7819325.1		0	2364.2	2	245.1	253.5	8.3	746.2	427.1	747.6	426.6	0
	7819325.1		0	2364.2	3	578.8	603.8	25	739.5	421.6	528.4	285.9	3.8
	7819325.1		0	2364.2	4	954.2	987.6	33.4	501	248.5	857.3	142.6	7.4
	7819325.1		0	2364.2	5	1288	1338.1	50.1	882.2	112.2	499.3	569.5	12.6
	7819325.1		0	2364.2	6	1588.3	1604.9	16.6	489.7	604.1	422.6	613.7	1.1
	7819325.1		0	2364.2	7	1705.1	1755.2	50.1	397.6	625.1	1019.4	377.8	14.6
	7819325.1		0	2364.2	8	1988.7	1997.1	8.4	1091.8	356.1	1190.3	354.7	1.2
	7821695		0	1387.4	1	178.6	219.5	40.9	1253.6	357.4	836.6	327.1	8.2
	7821695		0	1387.4	2	528.4	578.5	50.1	837.3	288.3	1148.5	403.9	8.3
	7821695		0	1387.4	3	820.1	853.5	33.4	1171	429.1	782.6	596.4	6.7
	7821695		0	1387.4	4	1062.1	1078.8	16.6	776.6	620.3	682.9	714.3	1.8
	7821695		0	1387.4	5	1254	1262.3	8.3	649.2	775.8	647.4	785.9	0.2
	7823088.3		0	895.1	1	177.6	211	33.4	653.7	774.4	756	418.3	5.9
	7823088.3		0	895.1	2	394.5	427.9	33.4	755.5	417.9	514.6	445.2	4.6
	7823088.3		0	895.1	3	845	895.1	50.1	484	504.5	482.1	503.1	0.1
	7823988.2		0	1446.7	1	245.4	253.8	8.4	500.6	516.2	606.4	518	0.9
	7823988.2		0	1446.7	2	428.9	470.7	41.8	690.2	514.2	978.1	330.5	6.8
	7823988.2		0	1446.7	3	770.9	787.7	16.7	985.7	299	1071.8	291.8	1.3
	7823988.2		0	1446.7	4	921.2	937.8	16.6	1086.2	265.6	943.5	194.9	2
	7823988.2		0	1446.7	5	1113.1	1121.4	8.4	899.2	140.4	876.7	139.3	0.3
	7825438.3		0	1356.4	1	238.6	297	58.4	868.9	166.9	515.1	442.1	10.9
	7825438.3		0	1356.4	2	564.1	580.6	16.5	501.8	478.8	493.7	626.4	2
	7825438.3		0	1356.4	3	747.5	780.8	33.4	461.2	666.8	728.8	280.5	9.1
	7825438.3		0	1356.4	4	1047.8	1056.2	8.4	713.8	259.7	608.5	256.8	0.9
	7826799.5		0	1555.4	1	345.6	379	33.4	664.7	655.2	647.2	276.6	21
	7826799.5		0	1555.4	2	537.5	562.6	25.1	633.7	307.1	907.9	451.8	4.7
	7826799.5		0	1555.4	3	829.5	837.9	8.4	913	496.1	785	499.2	1.1
	7826799.5		0	1555.4	4	996.4	1038.1	41.8	745	545.5	369.8	347.5	8.6
	7826799.5		0	1555.4	5	1196.6	1205	8.4	319.7	339	267.8	336.8	0.9
	7826799.5		0	1555.4	6	1355.1	1363.5	8.4	187.2	335.3	179.3	335.5	0.2
	7828357		0	857.1	1	139.7	181.3	41.7	169.6	342.9	688.1	366.9	10.4
	7828357		0	857.1	2	381.6	439.9	58.4	711.7	389	346.3	623.3	10.4
	7828357		0	857.1	3	573.4	590.1	16.7	337	640	190.2	644.8	1.8
	7828357		0	857.1	4	773.7	857.1	83.4	107.9	658	88.1	665.3	0.8
	7829221.6		0	785.1	1	142.7	184.3	41.6	97.7	673.3	616.2	406.2	11.7
	7829221.6		0	785.1	2	359.6	384.5	25	640.5	385.8	419.7	430.3	3.2
	7829221.6		0	785.1	3	493.1	510	16.9	395.4	437.8	290.2	512.5	1.8
	7829221.6		0	785.1	4	743.3	785.1	41.8	235.9	547.6	226.5	540.1	0.3
	7830007.1		0	4821.4	1	158	208	50	218.8	560.6	690.3	395.8	11.6
	7830007.1		0	4821.4	2	416.6	424.9	8.3	638.6	387.2	575.4	383.3	0.8
	7830007.1		0	4821.4	3	600.1	633.5	33.4	581.2	356	929.5	194.2	7
	7830007.1		0	4821.4	4	1008.9	1034	25.1	953.2	209.1	761.9	473.3	6.1
	7830007.1		0	4821.4	5	1275.9	1309.3	33.4	694.6	480.5	302.9	142.3	12.9
	7830007.1		0	4821.4	6	1559.5	1576.2	16.8	263.2	166.5	157.1	65.1	1.9
	7830007.1		0	4821.4	7	1693	1851.5	158.5	137.6	113.9	948	729.7	31.6
	7830007.1		0	4821.4	8	2201.9	2260.3	58.4	968.6	702.5	1285.9	271.7	12
	7830007.1		0	4821.4	9	2535.7	2569	33.2	1273.4	248.4	897.4	313.2	6.8
	7830007.1		0	4821.4	10	2769.2	2777.6	8.3	844.1	315.5	781.1	314.8	0.9
	7830007.1		0	4821.4	11	2986	3019.5	33.4	755	321.4	414.1	580.4	9.4
	7830007.1		0	4821.4	12	3170.4	3186.3	15.9	424.6	593.7	240.4	717	2.8
	7830007.1		0	4821.4	13	3311.4	3319.8	8.4	189.7	756.6	190.6	758.7	0.1
	7830007.1		0	4821.4	14	3419.9	3486.7	66.7	199.4	766.2	1155.7	744.8	24
	7830007.1		0	4821.4	15	3778.5	3786.9	8.4	1186.9	746	1111.9	751.1	0.6
	7830007.1		0	4821.4	16	4078.9	4170.7	91.8	1083.8	808.1	1092.2	225.5	15.9
	7830007.1		0	4821.4	17	4379.3	4395.9	16.6	1069.5	161.5	924.2	161.2	1.9
	7830007.1		0	4821.4	18	4512.8	4529.4	16.6	855.8	161.7	744.8	110.2	1.6
	7830007.1		0	4821.4	19	4696.2	4704.6	8.4	693	63.5	686.7	64.7	0.2
	7834835.1		0	1119.6	1	176.9	193.6	16.7	672.8	88.6	700	285.6	2.7
	7834835.1		0	1119.6	2	485.5	560.6	75.1	741.4	338.4	1095.1	459.2	8.6
	7834835.1		0	1119.6	3	719.2	744.2	25	1091.2	490.5	1337.5	340.4	5
	7835964.3		0	3636	1	165.6	199	33.4	1399.5	361.4	967.5	366.2	7.8
	7835964.3		0	3636	2	390.9	432.4	41.6	969.3	352.7	510.2	198.2	9.7
	7835964.3		0	3636	3	682.8	691.2	8.3	487.3	195.9	337.1	194.4	1.3
	7835964.3		0	3636	4	899.7	916.4	16.6	317	199.8	160.1	193.8	2.4
	7835964.3		0	3636	5	1099.9	1116.6	16.6	144.9	193.5	144.5	363.8	2.5
	7835964.3		0	3636	6	1366.8	1425.3	58.5	131	424.8	764.1	675.3	16.3
	7835964.3		0	3636	7	1784.1	1834	50	752.5	680.6	1242.5	61.6	30.8
	7835964.3		0	3636	8	2025.9	2084.3	58.3	1221.9	65.8	1129.7	122.2	2.8
	7835964.3		0	3636	9	2226.2	2267.9	41.7	1124.5	167.2	674.1	318.6	9.1
	7835964.3		0	3636	10	2584.9	2634.9	50	738.7	339.7	1175.3	643	11.9
	7835964.3		0	3636	11	2901.9	2918.5	16.6	1165.2	693.8	1252.4	784.7	1.5
	7835964.3		0	3636	12	3077	3127.1	50.1	1183	799.6	405.3	806.4	17.2
	7835964.3		0	3636	13	3277.2	3302.2	25	394.2	823.9	189	828.8	3.8
	7839606.2		0	2505.1	1	2.5	35.9	33.3	239	842.4	626.8	540.6	10.7
	7839606.2		0	2505.1	2	377.8	394.6	16.8	686.5	515.2	842.4	521.3	2.4
	7839606.2		0	2505.1	3	603.3	644.8	41.6	886.8	538	541.1	240.1	10.7
	7839606.2		0	2505.1	4	837	861.7	24.7	513.1	230.7	275	231.6	4
	7839606.2		0	2505.1	5	1011.9	1037	25.1	261.9	252.4	183.9	554.1	5.4
	7839606.2		0	2505.1	6	1245.4	1253.8	8.4	151.6	576.1	101.5	552.4	0.8
	7839606.2		0	2505.1	7	1387.3	1429.1	41.8	69.4	486.1	308.4	406	4.9
	7839606.2		0	2505.1	8	1695.9	1721	25.2	353.8	379.1	224	81.8	4.8
	7839606.2		0	2505.1	9	1937.9	1996.3	58.4	227.1	89.4	994.6	97.1	17.6
	7839606.2		0	2505.1	10	2088	2096.4	8.4	1084.7	93.6	1081.9	92	0
	7839606.2		0	2505.1	11	2246.5	2254.9	8.4	1066.6	92.1	932.7	89.7	1.1
	7842118.1		0	568.8	1	210.1	410.3	200.2	906	36.9	1081.9	161.5	22.5
	7842694.1		0	1127.4	1	335	376.6	41.6	1057.9	168.2	519.9	467.5	12.7
	7842694.1		0	1127.4	2	593.6	618.6	25	506.2	499.3	307.7	644	4.7
	7842694.1		0	1127.4	3	744.4	818.8	74.4	246.3	675.6	1032.8	741.6	17.4
	7842694.1		0	1127.4	4	977.4	985.7	8.3	1030.5	791.4	1083.4	803.8	0.6
	7843827.3		0	1821.2	1	136.1	177.7	41.6	1110.5	843.1	730	430.1	10.9
	7843827.3		0	1821.2	2	536.4	544.8	8.4	763	385.9	784.1	381.9	0.5
	7843827.3		0	1821.2	3	728.3	753.4	25.2	817.6	360.2	874.7	152	3.4
	7843827.3		0	1821.2	4	1020.3	1062	41.8	880.5	86.3	390	102.8	10.2
	7843827.3		0	1821.2	5	1278.9	1337.3	58.4	355.8	130.2	253	672.8	11.9
	7843827.3		0	1821.2	6	1545.9	1554.3	8.4	250.3	716.5	267.4	767	0.7
	7845656		0	793.5	1	1.1	84.3	83.3	286.6	802.4	559.1	422.9	12.4
	7845656		0	793.5	2	392.9	418	25	573.9	384.2	475.8	650.2	4.4
	7845656		0	793.5	3	526.4	534.8	8.4	459.9	732.9	457.7	733.7	0
	7846452.1		0	664.7	1	172.4	205.8	33.4	465.5	748.2	600.2	429.2	7.1
	7846452.1		0	664.7	2	414.4	447.8	33.4	641.6	400.9	637.2	740.8	6.2
	7846452.1		0	664.7	3	606.9	664.7	57.8	601.4	761.6	541.7	819.7	2.2
	7847124.7		0	1268.8	1	167.2	200.6	33.4	538.3	822	640	427.4	6.6
	7847124.7		0	1268.8	2	442.6	476	33.4	694.7	400.7	965.6	245.2	6.9
	7847124.7		0	1268.8	3	776.3	792.9	16.6	1010.6	210.9	1137	112.5	2.3
	7847124.7		0	1268.8	4	909.7	943	33.4	1134.8	97.8	646.5	102.3	8.1
	7848395.6		0	906.9	1	272.9	306.3	33.4	620	157.3	636.7	504.8	6.5
	7848395.6		0	906.9	2	456.4	473.1	16.7	647.4	501.3	803.2	548	2.2
	7848395.6		0	906.9	3	573.1	623.3	50.1	826.8	574.7	271.1	511.7	13
	7849308.2		0	2038.2	1	161.2	203.1	42	289.7	495.6	699.2	370.2	8.7
	7849308.2		0	2038.2	2	519.9	561.7	41.7	737.1	361	440.9	549.8	6.7
	7849308.2		0	2038.2	3	720.2	736.9	16.6	424.4	543.3	317.9	558.9	1.4
	7849308.2		0	2038.2	4	887	912.1	25.1	269	602	242	238.5	5.4
	7849308.2		0	2038.2	5	1145.5	1212.3	66.8	215.7	200.3	1089.6	300.6	21.9
	7849308.2		0	2038.2	6	1454.2	1462.7	8.4	1105.4	369.6	1088.6	482.4	1.3
	7849308.2		0	2038.2	7	1629.4	1671.1	41.7	1053.7	537.7	1208.5	792.9	6.1
	7849308.2		0	2038.2	8	1838	1846.4	8.3	1219.7	867.3	1220.7	879.5	0.4
	7851350.7		0	1196.9	1	112.4	154.1	41.7	1224.1	886.1	854.5	422.6	11.8
	7851350.7		0	1196.9	2	487.7	521.1	33.4	844.1	402.4	637.9	191.3	5.6
	7851350.7		0	1196.9	3	738.1	763.2	25	589.3	189.3	359.2	303	4.8
	7851350.7		0	1196.9	4	905	913.3	8.3	304.5	327	251.5	345.2	0.8
	7851350.7		0	1196.9	5	1080.1	1088.5	8.4	222.4	405.3	222.7	413.6	0.1
	7852550.8		0	1081.4	1	155.4	188.8	33.4	229.5	422.7	644.9	353.5	8.3
	7852550.8		0	1081.4	2	455.7	505.9	50.2	663.1	350.6	239.1	626.3	12.6
	7852550.8		0	1081.4	3	706	722.7	16.7	245.4	624.9	140.8	716.3	2.1
	7853635.5		0	1256.4	1	5.3	105	99.7	94.8	756.4	625.5	446.7	15.8
	7853635.5		0	1256.4	2	330.3	363.6	33.4	643.5	413.9	963.9	363.1	5.5
	7853635.5		0	1256.4	3	547.3	572.3	25	988.9	340.3	704.2	432.6	4.7
	7853635.5		0	1256.4	4	764.1	822.5	58.4	702.8	460.6	1251.8	201.1	13.7
	7853635.5		0	1256.4	5	914.2	989.4	75.2	1194.9	223.3	271.5	90.4	26.6
	7853635.5		0	1256.4	6	1072.7	1081.1	8.3	220.2	90.6	168.7	91.6	1
	7854893.7		0	1825.2	1	115.7	156.7	41	150.5	57.1	697.9	298.1	12.4
	7854893.7		0	1825.2	2	540.5	590.5	50	732.6	334.6	1037.7	105.3	8.3
	7854893.7		0	1825.2	3	824.2	874.3	50.1	1015	105.5	436.1	163.5	13
	7854893.7		0	1825.2	4	1099.5	1116.1	16.6	372.5	181.5	264.8	137.7	1.9
	7854893.7		0	1825.2	5	1249.6	1291.3	41.7	223.8	153.7	237.4	652.7	10.4
	7854893.7		0	1825.2	6	1499.8	1524.9	25.1	253.3	669.1	192.6	798.5	2.5
	7854893.7		0	1825.2	7	1675.1	1700.1	25	148.8	848.9	145.6	852.2	0.4
	7856723		0	1389	1	4.4	79.2	74.8	139.1	872	591.3	431.4	15.5
	7856723		0	1389	2	412.9	429.6	16.8	601.9	412.1	704.2	295.2	1.8
	7856723		0	1389	3	663.1	705	41.8	675.1	280.9	193.5	137	9.3
	7856723		0	1389	4	938.5	980.3	41.7	201	173.9	193.1	698.6	10.9
	7856723		0	1389	5	1130.4	1197.1	66.8	194	718.4	143.1	91	19.1
	7858119.1		0	768.8	1	109.7	118	8.4	163.6	179.8	173	178.5	0.2
	7858119.1		0	768.8	2	226.5	259.9	33.4	217.2	195.2	661.9	339.1	8.3
	7858119.1		0	768.8	3	368.3	443.4	75.1	712.3	388.2	517.4	536.3	6
	7858119.1		0	768.8	4	618.5	627	8.4	459.7	573.4	454.7	577.9	0.3
	7858892.2		0	613.1	1	187.6	246	58.3	529.6	570.7	765.8	343.7	9.3
	7858892.2		0	613.1	2	362.7	396.1	33.4	775.6	334.1	861.8	617.4	4.7
	7858892.2		0	613.1	3	496.2	504.5	8.3	937.4	611.2	944.1	612.3	0.3
	7859508.9		0	1306.1	1	196.5	221.6	25	872.8	587.6	708	351.2	6.6
	7859508.9		0	1306.1	2	438.4	480.2	41.7	673.5	289.7	191.1	157.6	9.8
	7859508.9		0	1306.1	3	722.1	747.1	25	207	189.1	178.4	299	2.4
	7859508.9		0	1306.1	4	913.9	938.9	25	146.3	295.1	158.5	614.6	4.5
	7860821.4		0	2646.4	1	1.9	102.2	100.2	176.1	597.5	615.8	433	12.2
	7860821.4		0	2646.4	2	410.6	435.7	25.1	637.8	409.9	848.9	485.4	3.5
	7860821.4		0	2646.4	3	652.6	736	83.4	855.1	506.6	234.3	680.2	18.9
	7860821.4		0	2646.4	4	944.7	969.6	25	252.5	703.8	261.5	700.2	1.9
	7860821.4		0	2646.4	5	1069.7	1128.1	58.4	264.8	680.1	292.2	247	12.8
	7860821.4		0	2646.4	6	1370	1420.1	50.1	316.2	246.6	963.2	151.6	14.7
	7860821.4		0	2646.4	7	1545.2	1553.6	8.4	1012.1	126.8	1017.2	128.2	0.1
	7860821.4		0	2646.4	8	1745.5	1787.1	41.7	1014.6	119.5	529.3	104.1	9.1
	7860821.4		0	2646.4	9	1995.7	2054.1	58.4	553.2	88.5	1141.7	502.2	17.8
	7860821.4		0	2646.4	10	2137.8	2145.8	8.1	1144.8	551.5	1123.2	597.5	0.3
	7860821.4		0	2646.4	11	2321.1	2346.1	25	1142.8	569.9	1209.3	787.6	3.8
	7860821.4		0	2646.4	12	2538	2546.3	8.4	1261.6	824.4	1268	823.4	0.1
