1	1	2206197	2206277	223.9427	342.2	532.8	339.3	330.1	434.5	4	1	1
1	2	2206637	2206715	391.8465	443.9	334.8	425	357.3	816.2	4	1	1
1	3	2207025	2207125	131.92	428.4	361.4	816.3	255.9	895.5	4	1	1
1	4	2207247	2207325	323.6058	459.8	248.3	904.2	495.7	695.6	4	1	1
1	5	2207581	2208943	307.8358	464	481.6	705.8	219.1	866.6	4	1	1
1	6	2209207	2209257	150.9196	183.6	560.8	153	428	81.3	4	1	1
1	7	2209865	2209921	283.4239	371.9	412.9	73.7	693.6	112.9	4	1	1
1	8	2210123	2210141	14.3087	57.7	693.4	107.2	692.9	92.9	4	1	1
1	9	2210701	2210719	36.6137	119.8	692.8	88.4	729.4	87.4	4	1	1
1	10	2211335	2211545	652.7992	1830.4	721	89.2	136.5	379.9	4	1	1
1	11	2211701	2211737	126.5546	267.5	136.3	373.8	122.5	248	4	1	1
1	12	2211889	2211985	514.3702	404.3	126.9	242.6	641.2	251.1	4	1	1
1	13	2212431	2212525	683.6586	651.6	637.6	241.5	60.1	607.4	4	1	1
1	14	2212881	2212959	302.3347	542	49.4	614.7	-160.6	832.2	4	1	1
1	15	2213339	2213381	97.6121	246.1	-153.8	828.8	-146	731.5	4	1	1
1	16	2213725	2213775	422.7818	582.1	-145.6	713.3	-311.2	1102.3	4	1	1
1	17	2213957	2214045	900.5688	1268.7	-296.7	1104.9	53	275	4	1	1
1	18	2214529	2214629	247.0233	291.4	50.1	279.3	189.4	483.3	4	1	1
2	1	2225639	2226227	559.7109	794.1	316.3	910.2	576.6	414.7	4	1	1
2	2	2226519	2226593	556.7164	802.8	585	412.6	95.4	677.6	4	1	1
2	3	2226889	2226973	612.6917	662.9	110.2	653	671.6	407.6	4	1	1
2	4	2227351	2227389	104.2828	222.9	680.2	390.7	598.1	326.4	4	1	1
2	5	2227963	2228007	266.2762	457.9	614.8	311.4	575.1	574.7	4	1	1
2	6	2228439	2228673	619.3753	529.7	583.6	557.7	-24	677.9	4	1	1
2	7	2229233	2230049	272.9009	292.9	-21.2	665.5	143.1	883.4	4	1	1
2	8	2230123	2230151	3.3615	17.7	146.3	881.2	144.6	884.1	4	1	1
2	9	2230231	2230709	549.8247	1571.8	150.2	878.1	645.7	639.8	4	1	1
2	10	2231139	2231175	166.3164	426.2	619.5	685.4	738	568.7	4	1	1
2	11	2231343	2231475	615.0553	358.2	737.3	568.2	139.8	422.3	4	1	1
2	12	2231659	2231679	51.3868	155.4	146.8	393.8	115.3	353.2	4	1	1
2	13	2231903	2231975	343.1348	480	114.7	339.3	353.3	92.7	4	1	1
2	14	2232211	2232505	412.4673	562.3	358.1	94.8	555.8	456.8	4	1	1
2	15	2233115	2233147	86.4418	200	549.8	478.8	538.5	393.1	4	1	1
2	16	2233461	2233521	235.4076	422.7	539.7	386.1	773.6	412.7	4	1	1
2	17	2234009	2234099	527.4832	606.9	779.7	393.6	269.6	527.9	4	1	1
2	18	2234623	2234663	178.3447	372.5	264.5	525.3	295.1	349.6	4	1	1
2	19	2234931	2234965	130.7752	308.1	291.7	348.8	402.1	278.7	4	1	1
3	1	2244185	2244365	54.8835	1623.1	474.9	464.4	439.1	422.8	4	1	1
3	2	2244519	2245139	538.708	653.9	425.2	455.6	364.7	990.9	4	1	1
3	3	2245355	2245425	163.0173	444.5	366.1	993.2	211.2	1044	4	1	1
3	4	2245621	2245907	791.0978	2342.8999	228	1032.2	535	303.1	4	1	1
3	5	2246001	2246029	83.0501	271	535.7	298.6	563.1	220.2	4	1	1
3	6	2246265	2246321	267.3799	352.3	554.7	225	291.1	269.8	4	1	1
3	7	2246613	2246661	172.2696	428.3	292.7	259.2	178.3	388	4	1	1
3	8	2246971	2247067	585.575	443	173.2	392.5	757.9	360.5	4	1	1
3	9	2247607	2247665	249.2126	634.4	769.7	353.5	653	573.7	4	1	1
3	10	2247943	2248849	1199.552	435.5	659.6	567.2	-292.1	1297.4	4	1	1
3	11	2248899	2248899	1199.552	0	659.6	567.2	-292.1	1297.4	4	1	1
3	12	2249149	2249559	567.7145	214.7	-309.2	1314.5	100.4	921.4	4	1	1
3	13	2250195	2250195	567.7145	0	-309.2	1314.5	100.4	921.4	4	1	1
3	14	2250869	2250935	548.6013	831	37.9	952.5	366.1	512.9	4	1	1
3	15	2251317	2251387	284.7456	283.6	380.7	495.8	116.5	389.6	4	1	1
3	16	2251727	2251849	200.7746	1003.5	123.7	372.1	221.4	196.7	4	1	1
3	17	2251997	2252069	360.7156	325.9	213.4	195.2	544.3	338.8	4	1	1
3	18	2252649	2252677	73.3597	187.8	557.2	320.9	506.9	267.5	4	1	1
4	1	2264189	2264229	29.743	137.5	518.1	379.3	505.2	352.5	4	1	1
4	2	2264575	2264609	124.5459	267	504.1	338.8	556.9	226	4	1	1
4	3	2265033	2265059	66.1105	144.8	556.3	218.5	533.9	156.3	4	1	1
4	4	2265179	2265325	870.5095	991.4	521.8	143.4	379.5	1002.2	4	1	1
4	5	2265601	2265665	350.3603	682.1	392.2	990	181.6	1270	4	1	1
4	6	2265823	2265921	610.2304	1187.9	186.4	1260	608.6	819.4	4	1	1
4	7	2266375	2266485	657.3252	778.9	621.2	805.6	440.5	173.6	4	1	1
4	8	2266721	2266757	113.0851	220.9	438.2	162.8	326.4	145.8	4	1	1
4	9	2267213	2267243	84.9213	166.1	325.2	139	240.3	137.1	4	1	1
4	10	2267673	2267691	34.0332	115.4	223.6	132.8	256.1	122.7	4	1	1
4	11	2268307	2268519	465.4627	1163.3	249.6	130.1	614	419.7	4	1	1
4	12	2268813	2268883	241.8201	1676	603.1	451.8	422.4	612.5	4	1	1
4	13	2269215	2269283	668.993	728	437.9	605.5	186.6	1225.5	4	1	1
4	14	2269525	2269623	554.5157	1223.9	188	1228.6	581.3	837.7	4	1	1
4	15	2270293	2270383	526.0829	834.7	600.9	815	511.9	296.5	4	1	1
4	16	2270555	2270575	49.8865	180.9	499.4	298.9	466.5	261.4	4	1	1
4	17	2271395	2271445	369.1854	611.1	467.1	262.5	364.7	617.2	4	1	1
4	18	2271755	2272069	598.6773	487.1	361.1	624.1	217.5	1205.3	4	1	1
4	19	2272113	2272129	25.5549	96.4	232.2	1185.6	215	1204.5	4	1	1
4	20	2272753	2272823	455.1896	766.1	242.4	1184.3	557.6	855.9	4	1	1
4	21	2273047	2273093	167.7895	327	548.7	869.8	662.5	746.5	4	1	1
4	22	2273297	2273367	574.4988	860.9	679.3	733.4	835.7	180.6	4	1	1
4	23	2273617	2273637	48.0288	163.3	834.6	176.1	803.5	139.5	4	1	1
4	24	2273811	2273863	247.2235	336.3	800.8	136.1	554.3	155	4	1	1
5	1	2287281	2287313	106.6318	281.5	478.5	299.9	483.8	193.4	4	1	1
5	2	2287637	2287761	611.309	662.5	479.3	188.8	566.9	793.8	4	1	1
5	3	2288145	2288191	173.1298	506.7	567.1	794.5	669.5	654.9	4	1	1
5	4	2288543	2288681	607.9206	394.3	684.4	626.4	108.4	432	4	1	1
5	5	2289121	2289243	557.0519	568.5	112.1	426.7	237.3	969.5	4	1	1
5	6	2289541	2289617	395.6254	637.9	220.8	981.2	565.2	786.5	4	1	1
5	7	2289853	2289991	732.4376	647.5	562.6	794.6	-166.3	866.5	4	1	1
5	8	2290407	2290477	302.9442	519.4	-171.4	876.9	9.1	633.6	4	1	1
5	9	2290779	2290825	135.0292	470.2	6.8	643.1	71.9	524.8	4	1	1
5	10	2291267	2291315	138.4571	420.1	78.7	515.4	148.8	396	4	1	1
5	11	2292027	2292065	134.4139	271.9	161.7	368.6	129.5	499.1	4	1	1
5	12	2292187	2292793	38.363	1216.2	137.3	501	113.9	531.4	4	1	1
5	13	2293045	2293339	31.6716	3270	110.7	550.8	81	539.8	4	1	1
5	14	2293371	2293379	9.0477	47.5	78.3	542.9	75.2	551.4	4	1	1
5	15	2293441	2293445	6.4257	55.5	82.6	536.3	84.9	530.3	4	1	1
5	16	2293487	2293499	17.1735	69.1	84	538.2	76.2	553.5	4	1	1
5	17	2293747	2294151	143.1262	665.9	59.5	585	45.1	442.6	4	1	1
5	18	2294447	2294533	607.0381	631.5	134.4	478.1	-31.6	1062	4	1	1
5	19	2294819	2294885	981.8291	1452.6	-22.1	1050.4	471.9	201.9	4	1	1
5	20	2295321	2295359	217.0895	472.9	489.9	186.5	433	396	4	1	1
5	21	2295521	2295577	238.0273	329.4	431	402.5	247	251.5	4	1	1
5	22	2295895	2295929	89.009	191.8	247	235.3	166	272.2	4	1	1
5	23	2296049	2296173	613.6584	361.8	165.6	268.7	778.5	238.2	4	1	1
5	24	2296573	2296669	548.2622	1097.1	793.3	244.3	519.5	719.3	4	1	1
6	1	2319411	2319457	154.6289	213.2	518.2	343.8	395.5	249.7	4	1	1
6	2	2319997	2320087	461.5154	334.6	381.1	237.5	839.8	288.4	4	1	1
6	3	2320493	2320531	169.4523	333.3	843.5	272.9	814.2	106	4	1	1
6	4	2320989	2321067	373.2423	355.1	800.4	91.1	430.7	142.4	4	1	1
6	5	2321419	2321477	218.1302	270.1	428.4	137.7	210.8	152.9	4	1	1
6	6	2321915	2321961	204.3564	309.4	208.8	146.7	413.1	151.5	4	1	1
6	7	2322331	2322349	40.4462	146.8	412.3	148.3	450.6	135.3	4	1	1
6	8	2322667	2322735	180.3235	331.4	449.2	133.8	344.2	280.4	4	1	1
6	9	2323577	2323675	418.8406	674.2	356.6	261.2	112.7	601.7	4	1	1
6	10	2324277	2324379	395.9459	333.4	115.1	609.3	420.5	861.3	4	1	1
6	11	2324835	2324935	463.2533	445.9	435	853.3	-11.9	731.3	4	1	1
6	12	2325347	2325379	116.7716	309.9	-7.4	724.8	38.2	617.3	4	1	1
6	13	2325943	2326149	240.034	2319	49.5	604.9	263	495.2	4	1	1
6	14	2326391	2326435	350.5712	726.8	249.2	521.7	405.5	207.9	4	1	1
6	15	2326795	2326825	74.3379	185.8	408.5	197.7	357.2	251.5	4	1	1
6	16	2327085	2327143	121.6491	165.3	361.5	242.4	268.4	164.1	4	1	1
6	17	2327405	2327425	44.601	156.5	268.1	159.6	311	147.4	4	1	1
6	18	2327657	2327681	67.2601	164.7	303.3	145.2	365.9	120.6	4	1	1
6	19	2328167	2328197	90.0269	218.8	381	115	378.8	205	4	1	1
6	20	2328405	2328491	379.6536	270.7	379.2	203.2	753.3	138.5	4	1	1
6	21	2328827	2328889	230.2817	226	753.8	124.1	527.8	79.9	4	1	1
7	1	2342149	2342189	188.211	397.4	345.3	353.3	183	448.6	4	1	1
7	2	2342419	2342481	379.3163	474.9	191.1	438.9	555.1	332.2	4	1	1
7	3	2342739	2342775	160.4037	329.3	554.7	321.7	614.1	172.7	4	1	1
7	4	2343047	2343119	322.7111	282.1	621.2	153	302.2	104.2	4	1	1
7	5	2343603	2343621	33.7343	97.4	295.6	96.7	265	110.9	4	1	1
7	6	2343747	2343773	72.0559	168.6	260.5	107.9	331.9	98.2	4	1	1
7	7	2343965	2344033	315.4763	295.5	346.5	98.8	661	123.6	4	1	1
7	8	2344495	2344525	80.8646	176.3	649	124	726	99.3	4	1	1
7	9	2345063	2345085	40.459	92.7	729.1	97.7	767.8	85.9	4	1	1
7	10	2345275	2345421	901.7909	514.2	784.7	78.9	93	657.5	4	1	1
7	11	2345895	2346017	812.2659	850.5	96.8	639.1	698	92.9	4	1	1
7	12	2346387	2346407	38.9051	116.5	712.4	89.1	750.9	83.5	4	1	1
7	13	2346943	2347013	336.0805	332.8	753.3	79.1	425.4	152.8	4	1	1
7	14	2347179	2347211	108.6386	227.8	424.7	149.1	320.2	178.8	4	1	1
7	15	2347645	2347665	31.5103	78.8	302.9	174.7	327	154.4	4	1	1
7	16	2347863	2347939	605.7233	653.5	334.6	152.6	67.8	696.4	4	1	1
7	17	2348467	2348541	381.0228	416.9	97.3	656.5	477.3	628.6	4	1	1
7	18	2348787	2348793	6.2682	56	484	624.6	480.5	629.8	4	1	1
7	19	2348845	2348881	195.8436	539.8	486.9	619.6	479.4	423.9	4	1	1
7	20	2349203	2349223	44.9678	174.2	481.3	409.7	518.2	384	4	1	1
7	21	2349775	2349803	73.0444	173.1	516.4	377.6	568.2	326.1	4	1	1
7	22	2350587	2350613	49.3852	181.3	568	321.1	531.9	354.8	4	1	1
7	23	2350833	2350855	43.7659	148.3	541.5	340.4	584.2	330.8	4	1	1
7	24	2351195	2351427	42.3293	726.1	585.1	320.9	608	285.3	4	1	1
8	1	2358317	2358351	115.2742	240.6	477.7	300.6	493.4	186.4	4	1	1
8	2	2358695	2358735	135.1284	260.6	493.7	172.6	369.7	226.3	4	1	1
8	3	2358963	2359065	576.24	496	364.3	224.2	351.6	800.3	4	1	1
8	4	2359257	2359271	16.9994	101.4	351.7	798.7	363	786	4	1	1
8	5	2359339	2359425	157.1963	268.4	353.4	797.3	480.5	889.8	4	1	1
8	6	2359463	2359475	8.9889	78.4	468.7	905.4	473.5	897.8	4	1	1
8	7	2359689	2360163	599.5841	946.3	470.2	902.1	199.9	366.9	4	1	1
8	8	2360439	2360471	95.3944	188.3	193.4	348.8	137.5	271.5	4	1	1
8	9	2360739	2360771	105.1725	252.2	133.7	264.4	221.5	206.5	4	1	1
8	10	2361131	2361245	582.0111	339.8	228.8	201.1	810.8	197.5	4	1	1
8	11	2361741	2361801	434.6052	576.3	811	191.1	453.2	437.8	4	1	1
8	12	2362001	2362055	182.0435	214.5	452.7	427.2	285.5	355.2	4	1	1
8	13	2362269	2362355	460.2352	437.4	284.8	345	719	192.4	4	1	1
8	14	2362875	2362945	355.5129	406.4	715.5	193.4	364.8	251.7	4	1	1
8	15	2363127	2363165	121.6063	209	367.9	245.2	248	224.9	4	1	1
8	16	2363573	2363595	63.1602	213.3	241.8	213.1	302.9	197.1	4	1	1
8	17	2364043	2364085	126.7717	210	298.8	200.4	424	180.5	4	1	1
8	18	2364495	2364565	346.1944	310.8	413.9	179.2	759.9	190.8	4	1	1
8	19	2365801	2366013	478.2079	832.3	760.9	184.2	284.9	230.1	4	1	1
8	20	2366293	2366309	31.2321	122.8	280.2	226.2	249.2	222.4	4	1	1
8	21	2366535	2366561	67.1733	189.4	254.9	209.9	320.9	197.4	4	1	1
8	22	2366971	2366989	33.3744	115.1	321.6	192.1	295.5	212.9	4	1	1
8	23	2367187	2367267	302.9643	280	302.7	202	585.3	92.8	4	1	1
8	24	2367535	2367575	105.2821	176.8	585.5	89.6	689.9	103.2	4	1	1
8	25	2367759	2367793	93.439	224.8	692.6	100	765.7	158.2	4	1	1
9	1	2379587	2379627	127.8662	227.9	523.7	373	399.8	341.4	4	1	1
9	2	2379881	2379945	222.2231	482.9	398.5	330.6	377.2	551.8	4	1	1
9	3	2380235	2380305	417.0181	605.9	367	551.7	291.9	141.5	4	1	1
9	4	2380647	2380733	371.956	337.4	294.9	134.6	665.1	98.5	4	1	1
9	5	2381135	2381187	167.1701	348.5	674.4	95.2	758.8	239.5	4	1	1
9	6	2381829	2381929	508.8006	410.2	745.8	241.7	247.7	137.9	4	1	1
9	7	2382295	2382315	48.9183	147.6	247.2	126.8	284.2	94.8	4	1	1
9	8	2382797	2383297	898.1093	857.1	287	94.7	-149.5	879.6	4	1	1
9	9	2383767	2383839	222.1396	512.5	-133.6	866.6	18.5	704.7	4	1	1
9	10	2384115	2384209	855.8797	954.4	7.3	719.4	604.8	106.6	4	1	1
9	11	2384425	2384555	912.5444	831.8	605.4	103.3	-27.5	760.7	4	1	1
9	12	2384913	2384937	78.7265	225.6	-14.6	749	52.3	707.5	4	1	1
9	13	2385335	2385359	65.821	195.4	45.7	709	107.7	686.9	4	1	1
9	14	2385721	2385839	896.0014	930.4	104	686.8	766	83	4	1	1
9	15	2386439	2386481	205.1647	379.3	776	82.3	571.3	68.5	4	1	1
9	16	2386679	2386727	199.3916	308.7	557.9	67.4	755.4	94.8	4	1	1
9	17	2387149	2387169	43.1042	131	756.2	90.1	799.3	90.7	4	1	1
9	18	2387627	2387745	624.166	549.5	794.8	96.1	352.1	536.1	4	1	1
9	19	2388159	2388255	696.0519	812.9	368.3	526	-145.2	995.9	4	1	1
9	20	2388917	2389001	960.9415	1312.3	-142.8	988.9	229	102.8	4	1	1
10	1	2398737	2398773	138.0323	315.7	517.7	372.1	414	463.2	4	1	1
10	2	2398931	2398977	288.1535	544	423.4	450.9	479.7	168.3	4	1	1
10	3	2399165	2399187	49.5259	138.4	478.2	157.4	496.3	111.3	4	1	1
10	4	2399649	2399741	500.2223	485.6	496.9	98.7	170.2	477.5	4	1	1
10	5	2400251	2400279	52.9273	122.3	170.1	472.6	142.4	427.5	4	1	1
10	6	2400841	2400899	263.3236	343.4	143	419.1	118.7	156.9	4	1	1
10	7	2401241	2401401	735.4782	373.7	118.7	136.4	527.8	747.6	4	1	1
10	8	2401443	2401545	784.1358	843.5	522.3	757	-205.6	1048.6	4	1	1
10	9	2401819	2401873	363.566	589.7	-219.1	1034.1	-90.6	694	4	1	1
10	10	2402361	2403707	106.4963	319.6	-65.8	665.4	-26.3	764.3	4	1	1
10	11	2404075	2404115	203.9837	422.7	518.3	444.5	601.6	258.3	4	1	1
10	12	2404303	2404341	134.7196	245	611.1	237.3	613.4	102.6	4	1	1
10	13	2404635	2404713	324.1077	308.7	612.6	97.4	294.4	159	4	1	1
10	14	2405195	2405365	632.2472	982	299.1	156.6	930.7	185.2	4	1	1
10	15	2405801	2405935	983.5803	547.7	916.3	188.5	41.8	638.7	4	1	1
10	16	2406571	2406661	465.6466	538	61.6	614.6	166.4	160.9	4	1	1
10	17	2407433	2407513	649.3399	604.7	168.2	142.7	-26.7	762.1	4	1	1
10	18	2408295	2408363	556.691	876.9	-19.1	749.5	446.8	444.8	4	1	1
11	1	2427975	2428041	301.0432	338.1	470.5	445.9	169.5	451	4	1	1
11	2	2428363	2428401	192.2162	387.7	176.8	438.3	254.3	262.4	4	1	1
11	3	2428595	2428627	115.7598	240.9	256.2	248.5	303.4	142.8	4	1	1
11	4	2428943	2429025	380.4307	293.4	309.1	129.5	686.8	84	4	1	1
11	5	2429587	2429615	72.0878	223.3	683.1	79.1	749.9	106.2	4	1	1
11	6	2429889	2429969	382.8166	330.2	741.7	102.6	361	142.8	4	1	1
11	7	2430193	2430213	38.7883	109.2	362.1	138.1	380.4	103.9	4	1	1
11	8	2431101	2431113	20.6345	87.4	383.4	98.2	403.7	94.5	4	1	1
11	9	2431617	2431657	98.248	174.5	408.4	94.6	505.9	106.7	4	1	1
11	10	2432379	2432431	200.8314	230.7	516.2	104.3	716.5	118.9	4	1	1
11	11	2432647	2432691	162.5699	251.3	717.5	117	879.5	130.6	4	1	1
11	12	2433285	2433389	490.7172	350.4	880.5	120.4	390	135	4	1	1
11	13	2434143	2434171	68.7501	171.9	388.6	125.4	332.9	165.7	4	1	1
11	14	2434883	2434903	30.242	94.9	327.1	162.5	332.8	132.8	4	1	1
11	15	2435171	2435187	28.8444	104.3	335.7	123.6	351.7	99.6	4	1	1
11	16	2435575	2435581	7.2201	50.7	358.1	94.5	352.3	90.2	4	1	1
11	17	2435863	2435921	262.1369	286.7	355.5	85.4	617.6	89.8	4	1	1
11	18	2436181	2436215	99.5635	223.4	616.1	86.1	715.3	94.6	4	1	1
11	19	2436683	2436725	126.9142	172.2	715.4	94.2	842.3	96.1	4	1	1
11	20	2437089	2437123	82.8018	142.4	847.6	94.6	927.9	74.4	4	1	1
12	1	2448141	2448165	43.6858	158.4	570.1	250	529.9	267.1	4	1	1
12	2	2448561	2448595	81.708	150.9	541.7	246.3	545.9	164.7	4	1	1
12	3	2448955	2449007	177.5913	241.3	541.9	150.2	367	119.4	4	1	1
12	4	2449067	2449607	537.7465	950.5	361.5	116.7	729.4	508.9	4	1	1
12	5	2450067	2450163	266.7648	3270	748.9	482.2	525.7	628.3	4	1	1
12	6	2450621	2450677	194.6357	296.2	513.3	631.1	692.1	708	4	1	1
12	7	2451059	2451125	613.936	844.1	701.8	695.4	892.4	111.8	4	1	1
12	8	2451317	2451413	483.9374	319.1	892	99.4	408.6	76.6	4	1	1
12	9	2451873	2451939	431.7852	634.9	396.8	81.8	318.9	506.5	4	1	1
12	10	2452367	2452701	436.8939	1054.1	313.9	507	280.3	71.4	4	1	1
12	11	2453363	2453401	124.0092	189.6	259.8	66.1	136	73.3	4	1	1
12	12	2453819	2453925	545.3072	329.9	124.8	73.3	670.1	76.1	4	1	1
12	13	2454499	2454529	101.0428	240.1	667.6	75.5	566.8	68.5	4	1	1
12	14	2454853	2454949	387.1271	522.9	560.6	67.3	693.5	430.9	4	1	1
12	15	2455511	2455569	57.9718	275.6	695.8	426.4	642.5	449.2	4	1	1
12	16	2455889	2455933	205.3854	295.6	652.3	442.1	822.2	326.7	4	1	1
12	17	2456553	2457317	783.5691	1524.9	836.7	307.8	300.1	878.8	4	1	1
12	18	2457607	2457631	69.3098	229.3	321.4	867.1	374.2	822.2	4	1	1
12	19	2457839	2457843	5.3038	55.9	368.6	817.2	372.4	813.5	4	1	1
13	1	2465229	2465689	914.5635	747.9	523.8	325.5	-160.2	932.6	4	1	1
13	2	2466001	2466073	574.9114	962.1	-132.3	883.9	112.9	363.9	4	1	1
13	3	2466229	2466275	127.1683	340.3	115.4	367	186.7	261.7	4	1	1
13	4	2466621	2466759	681.038	347	195.5	248.4	787.2	585.6	4	1	1
13	5	2467211	2467273	125.4203	377.5	796.9	572.1	692.1	641	4	1	1
13	6	2467445	2467515	231.9968	336.7	698.9	637.7	517.4	493.2	4	1	1
13	7	2467637	2467671	227.8754	597.4	511.9	503.2	637.1	312.8	4	1	1
13	8	2468153	2468175	59.3902	187	633.4	310.8	659.8	257.6	4	1	1
13	9	2468469	2468547	222.7797	209.8	665.1	251.3	472	140.2	4	1	1
13	10	2468871	2468907	91.8362	158.9	468	134.8	376.3	129.8	4	1	1
13	11	2469409	2469449	118.1059	198.9	359.4	128.3	252.4	178.3	4	1	1
13	12	2469671	2469793	646.8176	375.5	246.3	170.7	891.7	127.9	4	1	1
13	13	2470313	2470577	1086.6439	973.7	892.7	123.3	-18.2	715.8	4	1	1
13	14	2470945	2471005	243.5012	435.3	-16.3	720.6	-196.2	884.7	4	1	1
13	15	2471191	2471285	446.665	250.6	-193	876.2	200.9	1086.8	4	1	1
13	16	2471765	2471895	378.9016	227.3	213	1076.5	-164.4	1042.8	4	1	1
13	17	2472215	2472327	388.5903	206.2	-180.8	1055.6	202.6	992.3	4	1	1
13	18	2472615	2472717	171.4701	300.4	191.5	999.2	316.1	881.4	4	1	1
13	19	2472953	2473035	354.8994	532.2	321	880.7	329.4	525.9	4	1	1
13	20	2473225	2473271	128.6719	248	326.6	525.1	246	424.8	4	1	1
13	21	2473693	2473731	121.3399	196.7	253.3	405.7	217.7	289.7	4	1	1
13	22	2473969	2474035	291.1647	281.8	209.3	269.1	498.6	302	4	1	1
13	23	2474351	2474377	80.598	244.2	497	298.8	564	254	4	1	1
13	24	2474621	2474653	100.1312	205.4	573.5	252.4	673.4	245.6	4	1	1
14	1	2480047	2480091	50.7859	140.6	406.5	340.2	456.5	349.1	4	1	1
14	2	2480331	2480375	316.2203	622	460.4	340.6	207.7	530.7	4	1	1
14	3	2480405	2480415	11.3811	93.3	188.2	549.9	197.4	543.2	4	1	1
14	4	2480707	2480737	81.22	172.4	205.3	528.4	124.1	526.6	4	1	1
14	5	2481095	2481193	574.5062	413.5	132.9	512.5	707	490.9	4	1	1
14	6	2481523	2481561	97.5308	202.9	710.8	483.6	805.7	506.1	4	1	1
14	7	2481955	2482009	293.7059	590.4	799.1	508	841.7	217.4	4	1	1
14	8	2482145	2482243	469.878	332	844.7	209.5	375.8	179.2	4	1	1
14	9	2482537	2482579	159.6963	227.2	377.8	173.1	226.5	122	4	1	1
14	10	2482847	2482905	204.6456	247.4	204.6	110.7	406.6	77.9	4	1	1
14	11	2483045	2483115	409.9305	356.6	402.7	75.9	812.6	70.9	4	1	1
14	12	2483439	2483475	148.4947	274.6	802.4	68.4	654.1	76	4	1	1
14	13	2483887	2483977	375.8116	275.4	637.9	75.3	262.4	90.6	4	1	1
14	14	2484409	2484505	466.605	299.5	245.5	84.6	712	74.7	4	1	1
14	15	2484893	2484915	49.2968	132.2	710.8	74.9	759.9	70.5	4	1	1
14	16	2485231	2485697	668.4707	382.5	760.6	72.5	343.4	594.8	4	1	1
14	17	2485885	2485959	664.1892	985.1	318.5	622.5	739.4	108.7	4	1	1
14	18	2486405	2486533	641.6828	672.2	772.5	87.4	309.9	532.1	4	1	1
14	19	2486989	2487089	658.2295	839.1	310.5	535.3	790.6	85	4	1	1
14	20	2487497	2487515	31.3249	88.3	797.8	75.5	826.3	62.5	4	1	1
14	21	2488191	2488257	307.5699	344.9	828.9	58.8	522.5	85.6	4	1	1
14	22	2488561	2488725	274.7678	853.1	518.2	83.8	244.5	108	4	1	1
14	23	2489359	2489415	210.0504	235.2	221	94.6	431	90	4	1	1
15	1	2501237	2501287	336.1349	502.7	555.8	206	288.8	410.2	4	1	1
15	2	2501547	2501627	528.104	478.4	282.8	417.2	766	204.1	4	1	1
15	3	2501879	2501981	557.8214	375.6	769.1	198.8	215.6	129.5	4	1	1
15	4	2502355	2502371	30.9278	99.3	216.8	125	204.1	96.8	4	1	1
15	5	2502715	2502767	251.0588	356	202.2	86.5	418	214.8	4	1	1
15	6	2503151	2503175	75.4194	218.6	421	212.1	489.2	179.9	4	1	1
15	7	2503441	2503475	86.8627	178.3	513	177.3	599.8	180.6	4	1	1
15	8	2503741	2503789	161.338	236.2	599.9	179	761.2	182.5	4	1	1
15	9	2504159	2504217	286.1257	538.9	761.4	177.2	722	460.6	4	1	1
15	10	2504753	2504843	600.1543	3251	711.6	469	143.7	663.1	4	1	1
15	11	2505561	2505663	716.1006	531.6	141.5	663	825.5	451	4	1	1
15	12	2505891	2505923	84.309	157.4	835.2	435.5	913.2	403.5	4	1	1
15	13	2506337	2506393	301.3732	429.6	935.5	382.9	879.9	86.7	4	1	1
15	14	2506627	2506849	566.2654	814.7	873.9	77.1	309	116.4	4	1	1
15	15	2507379	2507409	103.2763	277.7	310.7	116.9	413.3	128.7	4	1	1
15	16	2507729	2507771	155.9811	268.5	411	127.7	559.7	174.8	4	1	1
15	17	2508319	2508363	121.0862	216.7	560.6	171.6	681.1	183.5	4	1	1
15	18	2508569	2508605	104.3514	196.4	678.1	181.4	781.7	193.9	4	1	1
15	19	2508773	2508853	424.5276	419.6	791.8	189.2	380.9	295.9	4	1	1
15	20	2509455	2509523	285.5376	384.4	376.1	293.9	154.2	473.6	4	1	1
15	21	2509877	2509971	349.5584	751	149.5	468.5	-47	757.6	4	1	1
15	22	2510319	2510369	52.9037	110.7	-38.3	752	13.9	743.4	4	1	1
15	23	2510767	2510829	66.3133	135.1	11.5	746.2	77.1	736.5	4	1	1
1	1	489073	489081	12.1202	69.8	507.7	380.6	519.6	378.3	4	2	1
1	2	489179	489193	27.6378	110.3	522.5	384.1	495.3	379.2	4	2	1
1	3	489705	489741	97.5943	173.7	488.6	348	540.1	430.9	4	2	1
1	4	490213	490259	86.3412	215.4	535.9	424.2	495.3	500.4	4	2	1
1	5	490465	490525	198.1743	224.4	472.3	538	315.2	417.2	4	2	1
1	6	490717	490783	264.5192	278.1	300.1	407.1	502	236.2	4	2	1
1	7	491127	491133	8.2541	57.9	511.5	234.1	519.3	231.4	4	2	1
1	8	491259	491329	320.6636	344.5	517.6	235.2	238	392.2	4	2	1
1	9	491725	491809	356.7647	304.9	236.1	380.6	543.6	199.7	4	2	1
1	10	492379	492401	46.8721	153.8	558.3	192.6	537.9	234.8	4	2	1
1	11	492569	492593	50.5009	107.9	539.9	221	563.4	176.3	4	2	1
1	12	492815	493039	427.421	425.4	591.3	162.2	248.8	417.9	4	2	1
1	13	493581	493655	326.7602	286.4	240.6	397.5	539.6	529.3	4	2	1
1	14	494043	494095	187.4954	260.8	545	530.9	714.9	451.6	4	2	1
1	15	494659	494703	211.3077	353.7	724.4	445.6	726.2	656.9	4	2	1
1	16	495097	495143	206.5624	324.2	722.1	662.8	801	471.9	4	2	1
1	17	495297	495465	217.8133	436.4	803	463.3	653.6	304.8	4	2	1
1	18	495901	495923	56.4753	162.3	645.1	313.9	589	320.4	4	2	1
1	19	496295	496317	50.1722	162.7	568.3	313	522.2	332.8	4	2	1
1	20	496717	496747	71.0697	136	502.4	336.8	475.3	271.1	4	2	1
1	21	497255	497313	133.5403	145.3	466.3	252.3	599.3	240.3	4	2	1
1	22	497701	497911	244.1174	533.4	598.7	250	397.4	388.1	4	2	1
1	23	498333	498363	76.9889	156	401.4	391.2	325.4	378.9	4	2	1
2	1	508893	508903	12.7224	60.9	520	363.9	508.1	368.4	4	2	1
2	2	509131	509203	221.0507	371.7	509	361.3	363.6	527.8	4	2	1
2	3	509701	509757	272.1162	347.9	370.3	509.3	455.3	250.8	4	2	1
2	4	510137	510221	373.9123	359	465.3	242.2	815.7	372.7	4	2	1
2	5	510605	510693	418.9815	303	823.4	373.1	406.4	413.8	4	2	1
2	6	510971	510993	50.3795	163.8	397.5	408.6	431.8	371.7	4	2	1
2	7	511221	511249	67.1253	193.1	448.1	351.7	515.1	347.6	4	2	1
2	8	511755	512903	447.1535	400.4	512.8	343.5	365.8	765.8	4	2	1
2	9	513215	513255	147.2157	321.2	514.1	614.9	629.9	524	4	2	1
2	10	513617	513727	428.8582	337.1	649.6	505	249.5	350.6	4	2	1
2	11	513909	513939	92.581	180.2	250.4	341	163.9	374	4	2	1
2	12	514191	514223	83.1412	132.3	148	373.3	66.7	390.7	4	2	1
2	13	514381	514513	546.902	302	62.5	384.5	586.8	228.9	4	2	1
2	14	514985	514999	23.5128	93	579.2	226.1	559.1	213.9	4	2	1
2	15	515073	515271	33.1904	632.7	555.2	224.8	548	192.4	4	2	1
2	16	515881	515911	72.7941	171.9	546.9	192.6	474.2	196.3	4	2	1
2	17	516271	516287	30.5591	115.6	471.9	194	498.8	179.5	4	2	1
2	18	516563	516631	339.5089	413.7	499.5	173.8	508.1	513.2	4	2	1
2	19	517475	517495	42.7507	127	502.1	499.2	525	463.1	4	2	1
2	20	517935	517967	68.7739	154.8	533.6	450.6	469.3	426.2	4	2	1
2	21	518323	518341	31.5458	105	470.6	420.9	472.3	389.4	4	2	1
2	22	518549	518583	107.5119	259.4	471.9	389.8	579.4	391.4	4	2	1
3	1	537775	537827	139.7611	289.4	555.5	355.6	432.9	422.7	4	2	1
3	2	538147	538221	352.1651	360.2	426.4	430.8	96.6	554.3	4	2	1
3	3	538491	538535	173.2567	256.5	102.7	542.4	149.2	375.5	4	2	1
3	4	538649	538743	534.5576	387.7	157.7	364.3	689.8	313.1	4	2	1
3	5	539321	539355	109.0545	243.7	686.4	302.7	589.9	353.5	4	2	1
3	6	539473	539545	333.176	309	586.6	353.9	914.6	295.4	4	2	1
3	7	539791	539813	46.0434	114.9	912.7	290.3	956.3	275.5	4	2	1
3	8	540067	540081	23.3238	79.8	956.1	280	977.7	271.2	4	2	1
3	9	540377	540489	552.8361	340.7	975.3	272.2	434.9	388.8	4	2	1
3	10	540781	540815	103.4774	282.5	439.6	382.3	443.6	485.7	4	2	1
3	11	541115	541321	172.0791	751.3	445.3	487.1	331.3	358.2	4	2	1
3	12	541683	541759	378.4998	311	334.1	380.5	712	359.2	4	2	1
3	13	542025	542081	196.2823	241.4	716.6	351.7	521.6	374.1	4	2	1
3	14	542179	542417	199.347	640	527.4	378.3	382.4	515.1	4	2	1
3	15	542609	542703	477.8523	392.8	390.1	513.2	833.2	334.3	4	2	1
3	16	542957	542979	52.4238	159.8	845.2	328.7	889.2	300.2	4	2	1
3	17	543419	543437	36.7839	110	907.8	288	944.2	282.7	4	2	1
3	18	543571	543693	642.415	355.2	949.1	286.1	309.4	345.1	4	2	1
3	19	544103	544153	191.646	239.1	320.5	336	128.9	340.2	4	2	1
3	20	544477	544529	184.2158	228.6	116.3	328.7	209.5	169.8	4	2	1
3	21	544811	544837	56.6083	162.5	237.7	162.5	279.2	124	4	2	1
3	22	545785	545817	126.8384	256.6	250.4	102.9	376.3	118.3	4	2	1
3	23	546219	546273	151.9057	235.8	385	103.2	535.2	125.9	4	2	1
3	24	546721	546863	51.4628	410.4	531.3	121.8	480.2	115.7	4	2	1
4	1	554773	554785	9.392	45	507.3	361.7	504.3	352.8	4	2	1
4	2	555237	555283	205.6129	347.6	505.1	336.2	342	461.4	4	2	1
4	3	555627	555653	73.4063	221.2	333.2	456.8	379.7	400	4	2	1
4	4	556047	556109	254.949	324.7	372.1	402.9	613.4	485.2	4	2	1
4	5	556287	556335	165.7171	314.7	612.6	473.1	777.6	457.7	4	2	1
4	6	556495	556585	405.1554	314.5	788.5	444.6	383.4	451.3	4	2	1
4	7	557379	557529	252.7874	617.3	367.5	455.2	281.2	217.6	4	2	1
4	8	558057	558123	293.259	290.7	276.3	221.6	568.2	193.4	4	2	1
4	9	558219	558235	28.4297	90.9	565.4	186	581.4	162.5	4	2	1
4	10	558513	558545	83.5998	185.9	580.2	138.7	653.5	178.9	4	2	1
4	11	558795	558851	173.4491	199.1	653.9	177.9	827	188.9	4	2	1
4	12	559227	559331	618.2735	520.8	823.3	191.2	657.4	786.8	4	2	1
4	13	559715	560841	531.1023	510.8	662.6	785.4	798.2	271.9	4	2	1
4	14	560951	560979	79.8769	153.1	803.3	266.8	869.7	222.4	4	2	1
4	15	561365	561385	38.4922	107.7	895.7	190.1	911.5	155	4	2	1
4	16	561735	561747	18.5084	75.1	918.3	131.6	916.3	113.2	4	2	1
4	17	562269	562279	11.2148	48.9	913.1	103.7	924.2	102.1	4	2	1
4	18	562661	562787	578.3156	363.8	918.4	101.1	348.5	199.4	4	2	1
4	19	563207	563241	109.4812	217	356.2	186.9	464.4	170.2	4	2	1
4	20	563519	563535	22.9367	74.6	482.3	162.6	484.8	139.8	4	2	1
4	21	563805	563891	373.6627	247.7	486.5	130.4	859.6	109.9	4	2	1
4	22	564411	564425	24.51	82.3	867.7	105	892.2	104.3	4	2	1
5	1	570471	570485	21.0202	79.4	514.1	364.4	532.8	374	4	2	1
5	2	570959	571005	138.79	276.6	540.5	357.9	615	475	4	2	1
5	3	571351	571427	330.312	305.3	620.8	467.1	325.3	319.5	4	2	1
5	4	571899	571923	52.2258	146.9	312.6	319	302.3	267.8	4	2	1
5	5	572371	572387	28.7892	107.5	295.1	264.3	267.2	257.2	4	2	1
5	6	572785	572887	457.5944	354.6	266.3	253.9	616.7	548.2	4	2	1
5	7	573743	573769	59.145	156.4	636.8	539.1	676.1	494.9	4	2	1
5	8	574327	574391	209.8526	250.8	670.8	504	461	499.3	4	2	1
5	9	574757	575041	365.7011	446.2	461.9	490.9	152.4	685.7	4	2	1
5	10	575497	575519	64.1159	199.5	152.8	682.9	211	656	4	2	1
5	11	576139	576239	558.9306	367.9	211.3	653.2	746.9	493.4	4	2	1
5	12	576525	576565	161.7214	285.5	749.9	491.2	780.5	332.4	4	2	1
5	13	576765	576811	235.4196	431.4	779.7	307.5	633.6	492.1	4	2	1
5	14	577119	577137	36.7213	142.9	620.3	491.7	654.9	479.4	4	2	1
5	15	577377	577445	305.4441	297.2	653.5	479.3	898.8	297.3	4	2	1
5	16	578253	578267	23.3215	86	910.8	268.9	896.6	250.4	4	2	1
5	17	578715	578895	336.4366	642.9	892.6	244.5	663.2	490.6	4	2	1
5	18	579705	579765	176.1045	332.5	662.1	479.7	526.2	591.7	4	2	1
6	1	608393	608455	371.6719	425.6	530.9	272.1	340	591	4	2	1
6	2	608593	608675	465.7819	561.2	338.2	570.4	689.8	264.9	4	2	1
6	3	609059	609077	43.2047	134.9	706	258.2	748.8	264.1	4	2	1
6	4	609243	609261	27.5218	95.2	756.3	269.1	761.1	242	4	2	1
6	5	609621	609749	594.5361	325.9	776.2	225.4	233.1	467.3	4	2	1
6	6	610069	610109	157.1479	287	230.6	462.1	91.7	535.6	4	2	1
6	7	610513	610571	302.6969	366.7	100.5	521.6	225.9	246.1	4	2	1
6	8	611163	611303	557.767	375.6	227	234.8	494.2	724.4	4	2	1
6	9	611733	611807	422.3069	583.8	496.1	726.6	791.6	424.9	4	2	1
6	10	612257	612295	128.7176	220	801.9	401.3	830.5	275.8	4	2	1
6	11	612731	612751	40.498	117.3	833.7	265.4	841.7	225.7	4	2	1
6	12	612905	613045	510.32	252.3	851.4	188.9	341.5	209.6	4	2	1
6	13	613153	613175	53.5615	159.1	340.3	198.3	288.1	210.3	4	2	1
6	14	613979	614169	408.9176	759.3	274.3	204	681.9	171.2	4	2	1
6	15	614325	614339	24.8516	93.9	658.9	171.7	634.1	170.1	4	2	1
6	16	614475	614671	468.6127	702.6	631.9	186.4	534.6	644.8	4	2	1
6	17	615009	615031	49.6779	159.3	529.8	637.8	480.3	642	4	2	1
6	18	615355	615903	158.3193	239.1	470.9	633.5	328.7	563.9	4	2	1
6	19	616117	616971	2	121.8	327.1	560.1	325.9	561.7	4	2	1
6	20	617291	617341	215.7625	280.3	111.1	512	222.3	327.1	4	2	1
6	21	618041	618107	298.0934	287.1	231.2	319.7	528.7	300.9	4	2	1
7	1	622971	623151	174.0214	713.1	542.9	377	370.5	400.7	4	2	1
7	2	623307	623341	97.2054	190	369.2	409.1	376.9	312.2	4	2	1
7	3	623555	623605	217.1775	298	382.1	305.8	599.2	311.6	4	2	1
7	4	623825	623851	62.3484	154.8	601.7	303.8	653.5	269.1	4	2	1
7	5	624565	624589	53.5818	121	651.1	248.6	701.2	229.6	4	2	1
7	6	624799	624819	39.9392	107.1	731.9	209.5	767.4	191.2	4	2	1
7	7	625363	625403	143.6324	256.1	780.2	182	709.1	306.8	4	2	1
7	8	625775	625841	308.9887	328.3	698.1	324.6	748.2	629.5	4	2	1
7	9	626031	626099	258.8673	490.7	744.7	620.2	485.9	614.3	4	2	1
7	10	626635	626663	86.3392	260	489.5	607.2	550.2	545.8	4	2	1
7	11	626891	626963	306.3608	354	547.4	542.6	241.1	548.7	4	2	1
7	12	627447	627483	129.9275	224.3	246	535.8	120.6	569.8	4	2	1
7	13	627897	627927	90.6389	195.9	111	559.9	140.8	474.3	4	2	1
7	14	628215	628243	72.648	167.1	139.2	476.7	161	407.4	4	2	1
7	15	628763	628779	26.1964	79.2	167	397.1	183.8	377	4	2	1
7	16	629347	629393	141.5273	184.4	183.3	368.2	151.9	230.2	4	2	1
7	17	629653	629673	37.8583	117.5	152.3	224.2	154.4	186.4	4	2	1
7	18	630171	630393	82.8537	567.1	159.9	184.6	230.6	227.8	4	2	1
7	19	630817	630895	315.1688	254.5	236.9	241.7	551.3	219.7	4	2	1
7	20	631165	631185	32.2982	88.2	547.3	206.7	564.4	179.3	4	2	1
7	21	631547	631581	83.7127	150	586.8	158.8	669.8	169.7	4	2	1
7	22	631909	631977	261.4119	249.3	693.1	169	566.3	397.6	4	2	1
8	1	637557	637597	73.4685	225.6	428.6	374.9	492.7	410.8	4	2	1
8	2	637721	637781	246.4509	262.1	498.8	407.9	282	290.7	4	2	1
8	3	638261	638339	384.3687	367.6	254	270.6	571.8	486.8	4	2	1
8	4	638909	638967	86.9083	221.4	572.7	484.3	510.6	545.1	4	2	1
8	5	639289	639375	98.4443	274.1	509.8	536.5	431.6	596.3	4	2	1
8	6	639899	639979	313.3836	395	436.1	580.7	451.6	267.7	4	2	1
8	7	640167	640207	89.1379	156.4	433.6	259.7	344.5	262.3	4	2	1
8	8	640355	640377	58.3453	174.4	341.8	259.8	362.1	205.1	4	2	1
8	9	640803	640861	205.5559	271.1	367.4	170.8	268.5	351	4	2	1
8	10	641073	641117	187.6008	265.1	261.4	336.7	117.7	457.3	4	2	1
8	11	641377	641401	57.6515	134.6	100.2	464	86.5	408	4	2	1
8	12	642173	642255	414.5245	317.9	79.3	387.8	493.5	371.4	4	2	1
8	13	642579	642621	126.9349	243.6	493.1	370.2	371.8	332.8	4	2	1
8	14	642989	643055	294.6734	347.4	359.2	331.6	637.1	429.6	4	2	1
8	15	643559	643591	140.2724	388.4	634.1	425.4	562.8	546.2	4	2	1
8	16	643839	643895	86.0959	250.8	559.7	544.8	483.2	584.3	4	2	1
8	17	644263	644315	207.9781	319.7	481.7	581.7	644.6	452.4	4	2	1
8	18	644549	644569	45.2429	168.9	650.9	432.2	689.5	408.6	4	2	1
8	19	645707	645729	39.9996	134.6	686.2	393.4	711.6	424.3	4	2	1
8	20	646157	646183	41.3284	105	707.1	421	712.3	462	4	2	1
8	21	646543	646605	280.486	431.1	712.6	452.3	472.2	596.8	4	2	1
9	1	653235	653249	18.4011	95.3	447.2	419.8	447	438.2	4	2	1
9	2	653491	653559	168.711	333.7	447.2	439.9	301.7	525.3	4	2	1
9	3	653833	653875	60.1103	198.5	311.2	519	255.5	541.6	4	2	1
9	4	654115	654173	268.307	333.8	249.8	545.7	301.9	282.5	4	2	1
9	5	654463	654535	334.0437	302.1	302.2	279	636.1	269.2	4	2	1
9	6	654913	654973	286.6751	328.7	639.2	266.9	778.6	517.4	4	2	1
9	7	655305	655397	367.3234	273	774.7	511.9	430.4	383.9	4	2	1
9	8	655737	655757	47.966	155.5	407	368.7	434.5	329.4	4	2	1
9	9	656121	656145	53.3982	183.9	440.3	318	484.2	287.6	4	2	1
9	10	656543	656557	27.2083	109.6	481	287.8	502	270.5	4	2	1
9	11	657213	657231	34.2441	114.5	497.6	268.6	531.1	275.7	4	2	1
9	12	657731	657745	21.5232	82	539.8	269	561.3	270	4	2	1
9	13	657901	658109	61.8191	823.6	565	274.8	508.2	250.4	4	2	1
9	14	658615	658631	22.0045	67.3	502.3	259.9	492.7	240.1	4	2	1
9	15	659165	659229	216.2455	211.9	499	230.4	283.7	250.6	4	2	1
9	16	659547	659633	446.5656	316.7	272.7	242.2	719	257.6	4	2	1
9	17	659991	660037	215.7506	361.7	724.2	246.5	604.5	426	4	2	1
9	18	660353	660377	95.7467	326.2	594.2	417.2	520.4	478.2	4	2	1
9	19	660405	660611	71.2632	782.2	508.7	487.6	543.3	549.9	4	2	1
9	20	660693	660717	56.5	191.4	369.1	513.4	319.8	541	4	2	1
9	21	660943	661001	214.7822	290.7	320.7	528.8	108.3	560.7	4	2	1
9	22	661353	661403	161.5919	232.7	108	548.7	267.2	521	4	2	1
9	23	662095	662115	48.6807	173.4	287	503.9	326.1	474.9	4	2	1
9	24	662453	662483	75.7154	152.7	330.8	479.3	400.7	450.2	4	2	1
9	25	662789	662817	62.0493	167	401.2	447.7	347.8	479.3	4	2	1
10	1	676591	676629	116.5803	200.9	517.5	382.4	560.4	274	4	2	1
10	2	676859	676879	43.1984	127.7	572.4	252.9	613.5	266.2	4	2	1
10	3	677147	677171	60.1335	163.9	618	261.9	648.2	209.9	4	2	1
10	4	677721	677781	253.5233	305.1	660.6	181.2	414.8	243.3	4	2	1
10	5	678047	678097	145.9493	218.9	412.4	237.6	266.6	244.2	4	2	1
10	6	678543	678641	511.7113	352	262	238	773.7	234.6	4	2	1
10	7	679115	679151	136.5229	309.5	770.2	231.9	633.7	234.4	4	2	1
10	8	679781	679811	90.1566	227.7	621.7	230.2	636.7	319.1	4	2	1
10	9	679959	680027	256.6666	243.9	633.1	323.4	869.4	223.2	4	2	1
10	10	680689	680711	48.2296	110	877.5	215.2	915.5	185.5	4	2	1
10	11	680853	680891	101.5847	157.1	920.7	166.1	842.8	100.9	4	2	1
10	12	681301	681319	49.3223	171.8	818.3	101.3	772	118.3	4	2	1
10	13	681395	681653	458.6712	559.1	743.8	129.5	661.9	580.8	4	2	1
10	14	682011	682573	262.1222	626.6	662.8	584.6	413.9	502.4	4	2	1
10	15	683233	683265	114.2394	245.6	419.5	499.6	480.8	403.2	4	2	1
10	16	683719	683741	47.451	148.2	481.8	404	512	440.6	4	2	1
10	17	683961	683991	70.3165	150	514.4	441.4	572.3	401.5	4	2	1
10	18	684387	684433	150.8398	207.3	570.6	396.4	589.9	246.8	4	2	1
10	19	685119	685139	50.2956	134.4	599.3	216.7	637.6	184.1	4	2	1
10	20	685741	685973	124.1271	495.7	656	178.1	752.8	255.8	4	2	1
10	21	686227	686249	56.5148	169.6	737.9	259.7	681.5	256.1	4	2	1
11	1	702309	702359	107.1972	272.9	508.5	374.5	449.5	464	4	2	1
11	2	702573	702623	197.1365	355.9	442.2	461.9	635.6	423.7	4	2	1
11	3	702831	702879	167.7539	243.1	642.7	418.4	797.6	482.8	4	2	1
11	4	703149	703165	28.6639	96.4	807	481.1	833.9	491	4	2	1
11	5	703573	703641	214.1144	208.1	835.2	486.8	621.4	475.2	4	2	1
11	6	703785	703839	220.9418	299.8	623.9	464.1	649.1	244.6	4	2	1
11	7	704115	704133	31.7553	114.3	628	254.3	642.6	226.1	4	2	1
11	8	704423	704553	498.6787	351.9	651.4	208.9	262.3	520.8	4	2	1
11	9	704823	704861	160.8759	326.6	249.8	515.5	118.6	608.6	4	2	1
11	10	705127	705227	478.7497	291.9	118.7	614.8	590.2	697.8	4	2	1
11	11	705643	705673	66.3205	130.6	609.2	678.3	649.2	625.4	4	2	1
11	12	705875	705919	155.6314	243	654.5	624.2	789	545.9	4	2	1
11	13	706143	706165	43.5078	116.7	801.1	529.8	830.9	498.1	4	2	1
11	14	706415	706441	51.9925	165.7	830.7	492.8	781.6	509.9	4	2	1
11	15	706775	706789	29.6892	108	791.9	500.8	820.8	507.6	4	2	1
11	16	707189	707201	17.6459	69.5	818.9	505.3	835.6	499.6	4	2	1
11	17	707859	707895	108.2095	234.1	836.1	489.8	880.9	391.3	4	2	1
11	18	708203	708217	24.0859	90.1	875.3	394.5	879	370.7	4	2	1
11	19	708785	708849	268.4289	314.5	876	363.6	611.7	410.5	4	2	1
11	20	709175	709243	232.8234	241.6	615.1	396.9	382.3	393.6	4	2	1
11	21	709609	709723	526.4639	306.9	385.9	379.4	912.3	371.2	4	2	1
11	22	710197	710307	465.1516	358.3	910.5	365.7	446.6	331.6	4	2	1
11	23	710633	710693	124.6802	157.9	448.5	324.5	490.2	207	4	2	1
11	24	711129	711195	271.5133	298.8	489.8	207.3	760.5	228.3	4	2	1
11	25	711567	711585	30.1783	97.8	764.4	224.5	783.7	201.3	4	2	1
11	26	711903	711919	22.3754	71.5	793.4	190.4	815.5	193.9	4	2	1
12	1	717441	717483	233.372	461.7	512.7	358.1	350.2	525.6	4	2	1
12	2	717889	717959	338.3516	383.1	338.2	530.5	661	429.1	4	2	1
12	3	718177	718205	74.1488	189.1	659.1	419	630	350.8	4	2	1
12	4	718433	718473	184.201	339.9	614.9	330.3	481.1	456.9	4	2	1
12	5	719113	719187	313.3382	302.4	458.1	472.2	193.1	305	4	2	1
12	6	719569	719597	82.5622	199.3	178.3	309.5	225.7	241.9	4	2	1
12	7	719819	719873	138.5482	198.7	240.3	215.3	376.5	189.9	4	2	1
12	8	720173	720231	170.2388	246	390.1	190.9	559.1	211.4	4	2	1
12	9	720533	720593	265.8277	332.2	561.2	215.1	550.2	480.7	4	2	1
12	10	720895	720941	78.1298	236.7	544.9	478.4	469.4	498.5	4	2	1
12	11	721257	721275	42.193	179.3	455.4	512.8	496.6	503.7	4	2	1
12	12	721697	722059	325.5261	468.6	501	499.5	772.1	679.7	4	2	1
12	13	722633	722693	268.4485	329.9	782	664.6	862.8	408.6	4	2	1
12	14	722743	722781	121.0079	201.2	860.4	396.2	820.1	282.1	4	2	1
12	15	723127	723195	292.5222	320.4	809.3	263.3	528.8	346.3	4	2	1
12	16	723667	723685	34.0389	105.5	529.7	335.3	562.5	326.2	4	2	1
12	17	724269	724357	271.5079	224.9	569.6	307.3	298.6	323.9	4	2	1
12	18	724823	725527	284.9918	738	294.9	329.3	243.4	609.6	4	2	1
12	19	726045	726231	584.7788	391	241.5	623.7	780	395.7	4	2	1
12	20	726745	726761	40.0715	151.3	771.7	415.9	809.5	402.6	4	2	1
12	21	727015	727051	109.7099	200.4	823.1	400.7	848.2	293.9	4	2	1
13	1	732697	732711	25.6868	137.1	521.3	325.3	515.4	350.3	4	2	1
13	2	732909	732963	152.0761	346.2	510	366.8	406.8	478.5	4	2	1
13	3	733213	733251	152.0707	310.5	402.1	467.5	423.9	317	4	2	1
13	4	733753	733813	197.8954	195.3	433.7	293.7	243.4	239.4	4	2	1
13	5	734465	734553	444.0294	318.9	216.7	232.7	660.4	215.6	4	2	1
13	6	735047	735567	362.4902	1075.3	656.5	219.2	642	581.4	4	2	1
13	7	735677	735719	165.2874	256.1	642.5	579.1	796	517.8	4	2	1
13	8	736317	736347	89.0688	180.4	808.4	505.6	864.6	436.5	4	2	1
13	9	736481	736539	237.8923	279.1	863.6	423.7	626.5	404.3	4	2	1
13	10	736789	736813	73.2421	200.3	623.3	405.7	550.8	395.3	4	2	1
13	11	737143	737199	218.9504	308.5	529	382.1	310.1	377.4	4	2	1
13	12	737759	737777	35.856	122.4	305.3	368.9	331.1	344	4	2	1
13	13	737983	738003	29.2488	95.2	338.7	328.9	319.2	307.1	4	2	1
13	14	738471	738489	35.2899	124.6	311.3	291.9	277	300.2	4	2	1
13	15	739219	739239	38.4884	118.9	251.3	275.5	214.3	286.1	4	2	1
13	16	739477	739503	56.5014	132.5	207.8	284	207.4	227.5	4	2	1
13	17	740099	740109	14.895	70	201.2	188.6	213.7	180.5	4	2	1
13	18	740617	740811	46.4321	565.3	207.1	197.6	225.8	240.1	4	2	1
13	19	740915	741085	16.0206	523.2	235.5	260.1	225	248	4	2	1
13	20	741187	741199	23.4611	98.2	223.6	271.2	204.7	257.3	4	2	1
13	21	741683	741689	9.2347	58.7	201.5	230.2	192.3	229.4	4	2	1
13	22	742123	742175	154.4384	207.9	199.7	224.1	316.1	325.6	4	2	1
13	23	742271	742491	143.4343	417.6	322.5	336.7	226.2	230.4	4	2	1
13	24	742565	742581	25.2004	82.3	226.8	257.3	202.3	251.4	4	2	1
14	1	749193	749243	159.744	335	487.3	372.6	352.3	458	4	2	1
14	2	749473	749517	153.0495	230.7	343.2	458.9	193.2	489.3	4	2	1
14	3	749903	749967	255.9412	260.1	200.6	471.8	456.4	463.3	4	2	1
14	4	750207	750233	62.7797	175.5	453.9	460.9	511.4	435.7	4	2	1
14	5	750515	750575	205.0245	272.2	516.8	420.6	392.7	257.4	4	2	1
14	6	750745	751187	300.6571	461.8	399.6	256.8	348.6	553.1	4	2	1
14	7	751405	751447	151.9733	265.8	355.5	541.8	217.2	478.8	4	2	1
14	8	751853	751925	306.8591	286.7	199.6	474.7	495.3	392.7	4	2	1
14	9	752237	752293	212.8184	250.7	494.2	389.9	326.4	259	4	2	1
14	10	752677	752725	116.7699	173	325.3	255	429.4	202.1	4	2	1
14	11	752977	753067	404.4151	292.1	439.9	214.9	831.5	315.9	4	2	1
14	12	753433	753465	88.3022	170.9	843.3	315.5	928.5	292.3	4	2	1
14	13	753865	753921	363.4254	425.3	931.1	297.7	821.8	644.3	4	2	1
14	14	754065	754131	237.788	271.9	819	642.1	590.7	575.6	4	2	1
14	15	754733	754769	118.2374	233.2	593.7	564.4	711.8	570.1	4	2	1
14	16	755197	755227	79.1991	194.1	712.5	569.6	636	590.1	4	2	1
14	17	755657	755697	153.9929	287	634.2	584.4	787.6	570.9	4	2	1
14	18	755841	756067	524.33	945.3	799.1	567.6	278.1	508.6	4	2	1
14	19	756705	757013	104.9503	621.4	285	529.5	366.6	463.5	4	2	1
14	20	757705	757723	33.3065	118.5	379.8	489.1	408.2	506.5	4	2	1
14	21	757957	758635	227.7585	397.1	413	493.9	375.8	269.2	4	2	1
15	1	763463	763505	149.6687	294.6	506.5	381.7	470.2	526.9	4	2	1
15	2	763643	763693	231.0078	361.7	480.8	504.5	482.7	273.5	4	2	1
15	3	764195	764217	48.4641	145.2	480.8	254.2	528.2	264.3	4	2	1
15	4	764299	764927	105.3611	855.5	542.5	278.7	606.1	362.7	4	2	1
15	5	765177	765193	26.4569	85.2	619.7	338.1	614.3	312.2	4	2	1
15	6	765693	765777	254.6633	212.5	617.9	301.8	371	239.4	4	2	1
15	7	766383	766399	23.5274	85.5	371.3	233.1	386.8	215.4	4	2	1
15	8	766889	766945	139.5837	177.7	389.6	208.3	482.7	312.3	4	2	1
15	9	767239	767261	33.2054	81.6	483	311	483.6	277.8	4	2	1
15	10	767561	767577	30.8707	107.2	486.6	258.8	516.8	265.2	4	2	1
15	11	767893	767911	32.931	119.8	524.5	266.3	554.4	252.5	4	2	1
15	12	768243	768469	153.6522	510.9	559.2	243.8	405.8	235	4	2	1
15	13	768585	768597	18.2148	78.7	395.5	266.9	378.2	261.2	4	2	1
15	14	768813	768819	7.1169	50.5	362.2	235.8	355.5	233.4	4	2	1
15	15	769447	769461	24.5839	108	368	220.4	389.4	232.5	4	2	1
15	16	769679	769693	23.1625	91.6	398.2	231.1	390.1	209.4	4	2	1
15	17	770343	770529	33.0311	706.8	397.7	206.3	393.8	239.1	4	2	1
15	18	771171	771191	35.2512	90.2	388.8	250.5	390.7	215.3	4	2	1
15	19	771709	771765	190.2958	213.3	388.7	202.1	576.2	234.6	4	2	1
15	20	772319	772351	81.8566	173.4	579.6	225.2	516.3	173.3	4	2	1
15	21	772633	772865	271.6876	582.7	496.1	179.8	259.7	313.7	4	2	1
1	1	456853	456896	83.0174	293.5	485.3	230.5	501.1	312	4	4	1
1	2	457149	457824	361.9704	2768	501.2	313.7	273.4	32.4	4	4	1
1	3	458142	458254	522.129	765.2	284.2	21.8	108	513.3	4	4	1
1	4	458334	458424	195.2519	564.3	107.9	511.6	115.6	316.5	4	4	1
1	5	458802	458914	667.9931	555.4	122.8	306.9	713.4	-5.2	4	4	1
1	6	459203	459222	42.5075	121.4	733.5	-7.8	742.7	-49.3	4	4	1
1	7	459406	459429	47.4175	109.8	739.1	-51.9	785.2	-40.8	4	4	1
1	8	459640	459683	80.9427	159	789.1	-28.2	712.9	-0.9	4	4	1
1	9	460002	460093	386.3501	317.6	700	1.3	313.9	15.2	4	4	1
1	10	460350	460466	1452.3641	1283.7	312.3	21.9	735.3	1411.3	4	4	1
1	11	460503	460520	40.4243	74.3	729.9	1408.6	731.3	1368.2	4	4	1
1	12	460881	461018	691.0533	1339.3	734.6	1394.1	907.4	725	4	4	1
1	13	461148	461162	2.8284	93.5	906.6	708	907	705.2	4	4	1
1	14	461211	461272	558.649	784.1	906.6	704.9	899.2	146.3	4	4	1
1	15	461419	461457	179.8951	307.5	894.7	126	905	-53.6	4	4	1
1	16	461759	461777	33.9779	96.8	895.3	-85.6	923.8	-104.1	4	4	1
1	17	462055	462067	19.0245	68.6	926.6	-91.9	931.8	-73.6	4	4	1
1	18	462400	462540	704.5055	703.8	931	-77.4	429.6	417.5	4	4	1
1	19	463208	463631	617.9824	1146.1	443.4	377.4	158.9	926	4	4	1
1	20	463728	463977	782.4588	1808.4	158.8	922.7	382.5	172.9	4	4	1
1	21	464136	464171	128.2211	337.1	380.4	196.4	433.3	79.6	4	4	1
1	22	464351	464374	64.4686	207.9	433	76.3	449.2	13.9	4	4	1
1	23	464825	464837	20.1757	83.4	453.6	8.2	460.1	-10.9	4	4	1
1	24	465150	465233	261.1648	303.7	464.8	7.8	715.7	80.3	4	4	1
1	25	465702	466797	220.7715	1585	712.1	92.1	586.7	273.8	4	4	1
2	1	476965	477071	383.6793	936.9	498.5	342.4	262.1	644.6	4	4	1
2	2	477154	477159	11.311	75.7	257.5	658.1	257	646.8	4	4	1
2	3	477241	477272	127.6822	370	255.4	649.9	178.2	548.2	4	4	1
2	4	477539	477599	435.5169	897.4	177.9	513	262.1	85.7	4	4	1
2	5	477842	477925	369.4523	275.2	269.6	74.1	625.9	-23.6	4	4	1
2	6	478093	478140	163.3111	205.2	628.6	-26.5	787.5	-64.2	4	4	1
2	7	478242	478940	1178.3498	1269.7	792.5	-65.8	878.6	1109.4	4	4	1
2	8	479039	479053	6.6007	70.3	887.6	1100.3	887.7	1106.9	4	4	1
2	9	479157	479165	13.3094	62.8	888.2	1100.6	887.7	1113.9	4	4	1
2	10	479213	479299	244.8785	493.7	887.6	1105.4	902.9	861	4	4	1
2	11	479353	479361	3.6688	80.1	904.7	852.5	905.8	849	4	4	1
2	12	479533	479609	745.5118	1176	906.7	843.7	866	99.3	4	4	1
2	13	479981	480008	85.7336	216.9	863.4	92.7	889.7	11.1	4	4	1
2	14	480450	480548	523.141	338	898.7	0.1	378.2	52.6	4	4	1
2	15	480945	480986	124.9042	240.3	370	42.5	249.7	76.1	4	4	1
2	16	481424	481557	585.7925	367.2	242.3	68.7	825.4	124.8	4	4	1
2	17	482294	482475	908.2778	647	823.3	124.2	295.8	863.6	4	4	1
2	18	482758	483508	636.7442	518.7	289.3	865.8	834.1	1195.4	4	4	1
2	19	483552	483559	20.3121	91	835.6	1171.9	836.3	1151.6	4	4	1
2	20	483798	483838	190.5361	407.1	839.8	1141	886.2	956.2	4	4	1
2	21	484310	484555	840.0432	2395	893.8	988.9	300.3	394.4	4	4	1
2	22	485070	485225	568.2021	393.2	299.9	383.1	848	532.9	4	4	1
2	23	485442	485499	459.5951	997.9	855.5	513.6	788.6	58.9	4	4	1
2	24	486094	486126	72.7351	164.7	786.9	38.5	733.7	-11.1	4	4	1
2	25	486463	486488	45.7106	137.9	736	-8.3	769.5	22.8	4	4	1
2	26	486607	486671	303.7977	405.5	763.4	9.3	470	88.1	4	4	1
3	1	493571	493614	292.2103	572.7	500	354.5	423.8	72.4	4	4	1
3	2	493946	493999	221.608	264.6	414	62.9	193.1	80.6	4	4	1
3	3	494244	494270	84.9817	202.5	186.1	64.4	143.1	-8.9	4	4	1
3	4	494725	494740	28.9358	106.1	133.6	-27.7	162.4	-24.9	4	4	1
3	5	495246	495303	238.5182	290.8	184.3	-22.4	422.6	-12.2	4	4	1
3	6	495524	495549	63.9851	152.5	424.6	-11.7	488.5	-15	4	4	1
3	7	495822	495905	306.4332	487.4	530.7	-19.1	656.1	260.5	4	4	1
3	8	496149	496244	471.6553	432.5	654	242	186.1	182.6	4	4	1
3	9	496645	496667	44.7786	155	186.8	164.6	229.2	150.2	4	4	1
3	10	497141	497289	1400.3151	870.1	224.5	162.2	798.2	1439.6	4	4	1
3	11	497720	498218	1334.9798	1694	809	1400.3	209.7	207.4	4	4	1
3	12	498452	498476	82.7481	275.6	208.4	202.3	217	120	4	4	1
3	13	498829	498850	50.8434	161.4	216.6	114.8	229.8	65.7	4	4	1
3	14	499281	499301	43.4195	122.8	222.2	55.1	257.7	30.1	4	4	1
3	15	499568	499609	119.8786	225.7	261.3	27.4	378.5	2.2	4	4	1
3	16	500139	500158	43.7559	144.6	377.9	-2.3	421.2	-8.6	4	4	1
3	17	500505	500526	43.5839	123.9	418.7	-10	462.1	-14	4	4	1
3	18	500901	500923	43.6041	117.1	466.6	-14.3	510.2	-13.7	4	4	1
3	19	501256	501281	55.3852	128.2	525.9	-9.5	580.3	0.9	4	4	1
3	20	501984	502006	49.7829	146.4	592.9	2.6	632.4	-27.7	4	4	1
3	21	502135	502160	49.4677	101.6	635.1	-29.5	678.3	-5.4	4	4	1
3	22	502507	502541	143.0091	301.4	694.1	-8.9	552	7.2	4	4	1
3	23	502825	502906	319.9391	282	533.5	15.4	213.6	20.4	4	4	1
4	1	511798	511824	12.6254	57.9	506.8	365.4	506	378	4	4	1
4	2	512049	512089	170.5029	420.3	507.3	353.8	466.3	188.3	4	4	1
4	3	512208	512266	254.301	304.5	466.8	186.2	212.5	185.5	4	4	1
4	4	512631	513677	1210.1489	970.9	213.6	163.3	154.4	1372	4	4	1
4	5	513760	513766	12.1334	68.2	152.4	1366.5	151.5	1354.4	4	4	1
4	6	513878	513996	436.1378	765.3	155.5	1345.1	141.1	909.2	4	4	1
4	7	514022	514027	12.6396	67.4	143.7	904.7	142.7	917.3	4	4	1
4	8	514119	514137	14.6031	102.9	143.7	890.8	144	905.4	4	4	1
4	9	514347	514493	899.7108	490.9	143.3	892.2	865.7	1428.5	4	4	1
4	10	514895	515017	1141.9946	1842.9	866.1	1383.5	757.3	246.7	4	4	1
4	11	515173	515609	324.6361	2985.8999	756.5	260.4	595.5	-21.5	4	4	1
4	12	515945	516005	246.1668	302.6	588.7	-25.9	829.9	-75.1	4	4	1
4	13	516542	516590	126.4665	269.1	831.3	-73	893.7	37	4	4	1
4	14	516832	516883	58.0739	169.3	892.7	65.1	936	103.8	4	4	1
4	15	517198	517297	579.406	733	927	124.4	359	10	4	4	1
4	16	517700	517924	748.7017	2035.5	342.9	-4.6	551	714.6	4	4	1
4	17	517949	518063	720.9673	1334.8	547.5	702.2	453.4	-12.6	4	4	1
4	18	518573	519080	551.9725	1482.9	414	30.5	343.1	577.9	4	4	1
4	19	519168	520612	447.1412	789.7	340.5	567.1	123.4	958	4	4	1
4	20	520907	521028	516.291	1134.4	126.7	958.4	254.2	458.1	4	4	1
4	21	521393	521475	321.5422	532.3	264.5	445.2	367.2	749.9	4	4	1
5	1	528530	528627	310.8204	518.1	413.5	402.9	186.2	614.9	4	4	1
5	2	528973	529069	546.9002	485.5	188.3	608.4	674.2	357.4	4	4	1
5	3	529432	529477	364.8108	696	681.5	332.5	669.1	-32.1	4	4	1
5	4	529648	529761	491.2901	747.3	697.5	-43	888.6	409.6	4	4	1
5	5	529900	530097	509.9257	753.7	888.7	416.8	398	555.5	4	4	1
5	6	530136	530159	11.1288	83.4	396.1	561.3	395.3	572.4	4	4	1
5	7	530318	530380	268.4925	872.7	392.9	562	423	295.2	4	4	1
5	8	530542	530607	219.5592	588.7	426.7	295.1	396.7	77.6	4	4	1
5	9	530732	530893	1212.387	1167.4	399	84.5	204.6	1281.2	4	4	1
5	10	531016	531020	15.4208	54.9	204.1	1290.4	204.9	1275	4	4	1
5	11	531362	531493	855.1862	1378.4	202.2	1282.7	118.7	431.6	4	4	1
5	12	531737	531759	3.3242	58.1	125.3	420.1	124.9	416.8	4	4	1
5	13	531817	531864	409.6565	804.3	126	421.7	132.8	12.1	4	4	1
5	14	532341	532434	192.2196	350.8	134.7	5.5	109.8	196.1	4	4	1
5	15	532776	532914	682.4862	345.8	108.8	200.6	742.3	-53.3	4	4	1
5	16	533631	533648	20.2252	62.8	741.3	-50.8	755.8	-36.7	4	4	1
5	17	533854	533957	629.4775	986.4	752.4	-30.1	915.8	577.8	4	4	1
5	18	534128	534141	1.8439	75.5	910	578.2	908.2	577.8	4	4	1
5	19	534328	534478	634.8615	1205.7	905	564	702.5	-37.7	4	4	1
5	20	534834	534971	394.1427	519.7	683.4	-31.8	901.5	296.5	4	4	1
5	21	535165	535203	219.7492	521.5	901.3	303	920.6	84.1	4	4	1
5	22	535565	535630	269.8015	354.7	919.9	65.4	671.2	-39.2	4	4	1
5	23	536186	536297	1390.5348	1335.7	677.3	-38.6	722.5	1351.2	4	4	1
5	24	536329	536337	18.9676	77.7	726.9	1329	725.3	1347.9	4	4	1
5	25	536620	536744	995.0104	1369.9	725.8	1376.6	424.2	428.4	4	4	1
5	26	537071	537262	156.4123	2543.5	429.6	402	452	247.2	4	4	1
5	27	537797	537972	944.3551	1238.2	449.5	233.3	188.6	1140.9	4	4	1
5	28	538020	538027	16.4195	82.4	189.2	1151.1	188.4	1134.7	4	4	1
6	1	562986	563128	236.5158	1345.6	498	439.8	505.4	203.4	4	4	1
6	2	563397	563434	152.7249	314.4	507.6	183.2	411.5	64.5	4	4	1
6	3	563862	563913	117.4234	340.4	404.6	48.2	434.7	161.7	4	4	1
6	4	564211	564288	343.8116	319.4	434.1	171.2	721.5	-17.5	4	4	1
6	5	564681	564736	148.3387	155.4	726.5	-28.6	874.4	-40	4	4	1
6	6	565202	565222	41.6684	114.4	866.3	-36.2	846.2	-72.7	4	4	1
6	7	565464	566086	502.8865	1437.4	843.9	-78.8	414.9	183.6	4	4	1
6	8	566441	566473	93.848	249.3	417.2	180.3	420.2	86.5	4	4	1
6	9	567123	567191	157.2093	494.5	425	91.4	468.4	242.5	4	4	1
6	10	567824	567856	131.5621	335.7	467.3	231.8	459	100.5	4	4	1
6	11	568411	568458	80.7847	185.5	454.9	82.4	529.5	51.4	4	4	1
6	12	568995	569014	41.1428	132.4	532.2	40.2	573	34.9	4	4	1
6	13	569701	569717	27.1074	98.2	579.5	30.1	604	18.5	4	4	1
6	14	570037	570204	747.3863	1304.2	608.4	19.2	653.9	765.2	4	4	1
6	15	570295	570332	5.8138	66.3	653.4	754	653	748.2	4	4	1
6	16	570384	570410	145.5371	484.2	651.3	751.2	641.4	606	4	4	1
6	17	570476	570489	13.8058	81.8	640.2	614.3	640.6	600.5	4	4	1
6	18	570644	570669	3.6496	105.7	641	596	641.6	599.6	4	4	1
6	19	570857	570875	13.5484	74.8	639	597.4	637	610.8	4	4	1
6	20	571116	571124	17.5262	88.9	636.6	600.3	638.7	582.9	4	4	1
6	21	571215	571221	7.8103	78.2	635.6	587.9	637.4	580.3	4	4	1
6	22	571246	571326	457.3678	887.8	638.5	573.6	723.5	124.2	4	4	1
6	23	571674	571695	49.481	129.7	714.6	127.9	756	100.8	4	4	1
6	24	572183	572207	66.3332	224.5	754.7	106.8	781.9	46.3	4	4	1
7	1	579030	579069	191.669	554.1	496	399.3	509.4	208.1	4	4	1
7	2	579204	579267	240.2267	300.6	508.3	198.4	268.6	182.5	4	4	1
7	3	579566	579688	266.0095	402.9	269	168.4	188.7	422	4	4	1
7	4	580162	580186	75.1324	236.8	190.7	415.8	202.5	341.6	4	4	1
7	5	580558	580611	322.0613	494.5	204	316.8	159.7	-2.2	4	4	1
7	6	581387	581436	308.0871	560.1	167.7	-18.1	203.5	287.9	4	4	1
7	7	582147	582167	32.8006	128.1	205.8	268.7	238.6	268.5	4	4	1
7	8	582688	582738	290.8598	405.5	231.6	266.4	174.5	-18.8	4	4	1
7	9	583126	583246	558.558	302.7	144.3	-12.2	701.9	-44.9	4	4	1
7	10	583875	583977	907.5975	1228.5	698.6	-43.3	711.9	864.2	4	4	1
7	11	584032	584049	7.9631	72.7	714.7	847.5	715.7	839.6	4	4	1
7	12	584357	584437	592.3588	963.1	714.9	838.8	759.2	248.1	4	4	1
7	13	584775	584823	280.154	568.9	758.9	235.6	735.8	-43.6	4	4	1
7	14	585640	585695	211.5324	283.7	722.4	-39.7	512.1	-16.9	4	4	1
7	15	586327	586350	61.1955	192.2	504.8	-16.5	445.6	-1	4	4	1
7	16	587014	587062	164.9539	238.8	434.4	-5.1	270.7	15.2	4	4	1
7	17	587534	587576	153.163	243.4	254.4	12.3	407.1	0.4	4	4	1
7	18	588119	588143	61.0262	145.7	410.5	-4.4	349.9	-11.6	4	4	1
8	1	597521	597546	48.9753	161.7	512.3	385.7	499.6	433	4	4	1
8	2	597784	597832	365.6138	657	494.2	379.6	451.4	16.5	4	4	1
8	3	598124	598168	77.9888	249.9	448.2	14.8	498.5	74.4	4	4	1
8	4	598341	598416	292.7098	250.1	502.2	80.4	778.3	-16.8	4	4	1
8	5	598615	598639	54.569	147.2	774	-19.1	805.3	-63.8	4	4	1
8	6	598860	598971	429.0231	283.8	809.9	-69.9	424.8	119.2	4	4	1
8	7	599025	599071	136.4235	244.8	419.3	122.2	285.3	147.8	4	4	1
8	8	599669	599699	84.0208	150.1	276.2	143.2	209.2	92.5	4	4	1
8	9	600073	600104	80.9259	163.8	192.9	66.7	140.3	5.2	4	4	1
8	10	600365	600380	20.5767	63.8	131.7	-8.3	122.1	-26.5	4	4	1
8	11	600717	602155	1187.4486	1405.6	126.9	-30	731	992.3	4	4	1
8	12	602213	602217	10.4389	67.1	735.2	987	736.1	976.6	4	4	1
8	13	602239	602311	939.9739	1499.9	734.2	981.1	568.2	55.9	4	4	1
8	14	602708	602753	74.3275	288.3	571.9	50.1	532.3	113	4	4	1
8	15	602937	602994	171.1	237.2	527.1	120.5	384.2	26.4	4	4	1
8	16	603235	603260	59.9722	128.4	385.4	18.7	438.9	-8.4	4	4	1
8	17	603526	603583	237.7642	272.6	448.6	-12	685.2	-35.5	4	4	1
8	18	604006	604024	37.2313	110.9	683.6	-37.8	719.2	-48.7	4	4	1
8	19	604426	604475	81.1696	192	728.8	-49.4	692.3	23.1	4	4	1
8	20	604854	604903	122.583	191.3	683.3	42.6	564.1	71.2	4	4	1
8	21	605093	605294	91.1755	2153.6001	554.1	77.4	463.4	86.7	4	4	1
8	22	605628	605677	166.8179	239.4	451.8	80	286	61.6	4	4	1
8	23	606087	606119	67.0858	128.1	272.1	57.8	206.6	43.3	4	4	1
8	24	606549	606568	39.7554	114	196.3	35.2	202.3	-4.1	4	4	1
8	25	607096	607133	83.5089	170.2	205.5	-18.8	127.3	10.5	4	4	1
9	1	614290	614327	146.3938	342.3	496	254.4	566.5	126.1	4	4	1
9	2	614690	614733	158.5828	309	569.3	109	643.6	-31.1	4	4	1
9	3	615057	615080	43.9259	110.9	679.3	-35.4	721.1	-48.9	4	4	1
9	4	615367	615473	529.1582	357.7	749.8	-54.9	222.4	-11.8	4	4	1
9	5	615860	615941	205.6603	319.9	206.8	-9.9	91.5	160.4	4	4	1
9	6	616348	616383	131.6687	260.5	111.1	160.2	198.7	61.9	4	4	1
9	7	616784	616804	35.4683	136.8	204.9	41.6	239.1	32.2	4	4	1
9	8	616930	618289	1166.5579	1180.7	241.7	28.9	603.3	1138	4	4	1
9	9	618489	618602	689.8868	1365.5	599.3	1139.5	622.4	450	4	4	1
9	10	618629	618664	1.118	70.4	623.3	455.3	623.1	454.2	4	4	1
9	11	618730	618774	4.1304	70.6	623.4	448.2	623.9	452.3	4	4	1
9	12	618994	619016	0.44724	87.3	622.6	451.1	623	450.9	4	4	1
9	13	619042	619134	459.9754	1157.1	623.7	448.1	636.4	907.9	4	4	1
9	14	619348	619364	14.2275	119.7	637.4	906.2	639.3	892.1	4	4	1
9	15	619453	619490	147.7528	322.6	641.3	893.6	660.5	747.1	4	4	1
9	16	619519	619530	4.111	63.3	660.6	742.7	660.9	738.6	4	4	1
9	17	619934	620015	584.8857	942.4	661.4	729.5	460.5	180.2	4	4	1
9	18	620577	620649	314.0606	309.3	451.8	164.8	702.7	-24.1	4	4	1
9	19	621479	621536	199.9914	207.1	730.9	-27.4	924.2	-78.7	4	4	1
9	20	621764	621784	41.7732	126.3	922.5	-82.3	960.1	-100.5	4	4	1
9	21	622178	622288	537.8495	367.5	967	-101.6	436.7	-11.8	4	4	1
9	22	622749	623395	1225.5404	1422.6	436.1	-12.4	585.5	1204	4	4	1
10	1	629936	629950	21.9021	105.3	509.9	478.2	492.2	465.3	4	4	1
10	2	630017	630078	6.3789	80.6	499.9	467.3	498.9	461	4	4	1
10	3	630198	630241	256.6748	598.5	500.1	431.2	593.7	192.2	4	4	1
10	4	630519	631019	327.2658	838.7	594.8	162.7	432.7	447	4	4	1
10	5	631137	631146	13.9014	72.4	431.7	455.8	431.5	441.9	4	4	1
10	6	631251	631294	36.0802	255.6	429.9	428	456.2	403.3	4	4	1
10	7	631619	631644	112.1253	437.4	459.3	405.8	454	293.8	4	4	1
10	8	632251	632315	307.0586	486.5	453.3	288.2	279.3	35.2	4	4	1
10	9	632854	632920	285.9414	289.8	278.1	24.5	561.3	-15	4	4	1
10	10	633360	633467	370.2147	242.6	559.7	-17	189.5	-20.3	4	4	1
10	11	633834	633935	411.3249	259.6	195	-20.7	606.1	-7.1	4	4	1
10	12	634494	634561	253.2719	362.8	595.1	-1.1	761.2	190.1	4	4	1
10	13	635001	637630	622.4891	1490.3	762.1	184.7	430	711.2	4	4	1
10	14	637706	637769	84.1951	222.7	430.7	718.9	512.7	738	4	4	1
10	15	637830	637842	14.6055	52.6	513.7	713.5	513.3	728.1	4	4	1
10	16	637969	637982	16.5303	69	512.5	707.5	511.5	724	4	4	1
10	17	638041	638055	6.3	51.9	512.3	717.4	512.3	711.1	4	4	1
10	18	638206	638226	9.1197	66	514.1	699.2	513.5	708.3	4	4	1
10	19	638333	638401	357.4915	791.2	512	705.4	463.6	351.2	4	4	1
10	20	638705	638744	173.301	400.2	460.1	339	460.7	165.7	4	4	1
10	21	639378	639409	77.647	177	462.9	131.7	472.1	54.6	4	4	1
10	22	639725	639753	73.7765	168.4	479.9	33.5	553.5	38.6	4	4	1
11	1	653955	653985	8.6556	112.6	505.1	362.3	510.7	355.7	4	4	1
11	2	654095	654114	18.9042	68.1	506.7	363.5	513.6	381.1	4	4	1
11	3	654172	654242	40.8502	163.9	508.1	373.5	467.4	370	4	4	1
11	4	654458	654518	247.5008	286.9	465.2	355.9	222.3	308.4	4	4	1
11	5	654739	654780	222.1806	439.6	224.7	284.1	176.1	67.3	4	4	1
11	6	655029	655052	57.3838	158.5	177.3	60.4	207	11.3	4	4	1
11	7	655438	655537	544.8432	357.7	220.1	-2.3	763.9	31.4	4	4	1
11	8	655900	656012	330.4645	620.8	767.3	27.3	638.9	331.8	4	4	1
11	9	656429	656546	270.0566	395	634.1	348.4	404.7	490.9	4	4	1
11	10	657121	657265	1046.7158	967.9	405.6	477.5	119.3	1484.3	4	4	1
11	11	657399	657438	1.6031	56.5	125.5	1479.5	125.4	1481.1	4	4	1
11	12	658394	658461	228.0887	567.7	682.6	1335	641.2	1110.7	4	4	1
11	13	658484	658494	6.0531	70.4	637.4	1097.7	638.2	1091.7	4	4	1
11	14	658605	658717	563.7566	1155.8	638.6	1071	611.4	507.9	4	4	1
11	15	658755	658765	15.4159	92	612	517.2	612.7	501.8	4	4	1
11	16	658797	658809	6.5192	78.1	612.3	510.2	614.6	504.1	4	4	1
11	17	658858	658871	1.3454	71.6	612	498.4	612.9	499.4	4	4	1
11	18	658912	658928	6.3127	94.9	613	489.9	613.4	496.2	4	4	1
11	19	659088	659128	7.3682	75.8	613.1	493.7	614.1	486.4	4	4	1
11	20	659194	659227	2.7019	76.8	612.8	484.4	612.9	487.1	4	4	1
11	21	659361	659549	495.7223	1684.2	612.1	498.3	481.1	20.2	4	4	1
11	22	660033	660070	100.3231	180	472.8	24	565.4	-14.6	4	4	1
11	23	660278	660298	30.4631	90.5	568.4	-19.3	598	-26.5	4	4	1
11	24	660682	660705	30.128	91.3	605.2	-25.8	635.1	-29.5	4	4	1
11	25	660895	660976	332.8806	296.4	643.8	-34.4	312	-7.6	4	4	1
11	26	661459	661501	114.7907	187.4	312	-10.3	203.1	26	4	4	1
11	27	662016	662185	438.6121	530.7	201.6	21.5	636.9	-32.3	4	4	1
11	28	662511	662523	17.121	72.5	621.5	-30	638.3	-33.3	4	4	1
11	29	663169	663327	700.5587	514.9	646.1	-33.7	195.6	502.8	4	4	1
12	1	670703	670742	241.5204	521.3	493.6	341.3	476.3	100.4	4	4	1
12	2	670899	670960	252.4016	341.3	471.5	88.2	219.1	87.3	4	4	1
12	3	671532	671557	73.4914	196	217.8	62.3	241.1	-7.4	4	4	1
12	4	671890	672027	520.3506	299.6	261.1	-14	775.9	61.8	4	4	1
12	5	672423	672548	1236.7991	1242.8	789.6	79.6	762.4	1316.1	4	4	1
12	6	673072	673357	1350.0166	1628.9	761.5	1315.1	218.5	79.1	4	4	1
12	7	674123	674240	342.3272	675.1	216.3	76.8	189.8	418.1	4	4	1
12	8	674642	674721	387.1945	446.8	187.9	408.4	315.4	42.8	4	4	1
12	9	674979	674999	40.4623	112.7	321.6	34.1	349.4	4.7	4	4	1
12	10	675584	675604	34.2187	110.8	357.3	2.9	325.9	-10.7	4	4	1
12	11	676232	676436	138.0725	1304	314.9	-3.1	452.8	3.8	4	4	1
12	12	676643	676651	9.0139	49.4	440.1	5.2	431.6	8.2	4	4	1
12	13	677293	677337	132.1768	195.5	436.1	9.9	305.7	-11.7	4	4	1
12	14	677671	677731	109.4108	171.5	281.3	-7.1	179	31.7	4	4	1
12	15	678458	678481	62.3571	195	177.6	22.9	218	70.4	4	4	1
12	16	678775	678839	816.6399	945.8	211.9	75	238.7	891.2	4	4	1
12	17	678948	678996	484.2717	812.4	236.6	880.6	204.4	397.4	4	4	1
13	1	686154	686390	145.6703	1802.7	437.5	322.5	453.4	177.7	4	4	1
13	2	686635	686710	276.744	294.6	452.7	177.6	202.8	296.5	4	4	1
13	3	686843	686884	241.5362	419.2	198.3	289.9	174.9	49.5	4	4	1
13	4	687211	687230	40.7957	113.7	172.7	28.2	182.9	-11.3	4	4	1
13	5	687675	687690	21.9064	74.8	178.2	-23.1	156.5	-26.1	4	4	1
13	6	688428	688462	81.5839	224.7	149.1	-26.3	116.3	48.4	4	4	1
13	7	688780	688884	387.3495	710.4	121.1	55.5	107.2	442.6	4	4	1
13	8	689390	689518	300.2932	576.7	104.8	461	130.4	760.2	4	4	1
13	9	689565	689593	10.5171	60.9	132.5	773.5	133.1	763	4	4	1
13	10	689621	689700	4.588	92.2	132.7	785.1	131.4	780.7	4	4	1
13	11	689739	689775	16.6075	66.3	131.7	787.4	132.2	804	4	4	1
13	12	689844	689857	5.8309	97.1	131.1	817.6	131.7	811.8	4	4	1
13	13	689941	690036	595.6845	916.3	131.6	810.2	153	1405.5	4	4	1
13	14	690087	690139	22.9559	86.4	157.1	1413.3	155.5	1390.4	4	4	1
13	15	690276	691019	1384.5844	1217.2	156.9	1409.5	313.5	33.8	4	4	1
13	16	691430	691446	30.9477	110.2	312.2	30	304.6	0	4	4	1
13	17	691716	691734	35.9356	110.3	298	-3.3	262.4	-8.2	4	4	1
13	18	692304	692371	298.5917	284.8	269.2	-13.8	567.6	-3.1	4	4	1
13	19	692679	692701	47.4292	147.7	569.5	-8	616.3	-15.7	4	4	1
13	20	693136	693169	69.9167	134.4	625.5	-13.4	695.2	-7.9	4	4	1
13	21	693802	693816	20.0662	79	690.9	-3.2	671.3	-7.5	4	4	1
13	22	694089	694098	11.9553	57.9	676.7	-16.1	685.4	-24.3	4	4	1
13	23	694348	695499	730.2008	1688.6	684.6	-26.2	421.1	654.8	4	4	1
13	24	695533	695543	17.3011	95.2	419.9	666.3	419.7	649	4	4	1
13	25	695650	695656	15.103	95.3	416.3	647.8	416.6	632.7	4	4	1
14	1	701317	701332	19.891	73.8	394.4	331.9	414.2	333.8	4	4	1
14	2	701417	701477	23.5	230.9	413.9	323.6	428	342.4	4	4	1
14	3	701517	701533	27.1553	92.3	422.4	351.9	419.5	324.9	4	4	1
14	4	701781	701830	294.9129	725.3	415.1	289.8	526.9	16.9	4	4	1
14	5	702091	702186	491.7909	670.9	529.2	8.4	378.4	476.5	4	4	1
14	6	702389	703410	1008.0012	1222.2	375.2	478.3	687.2	1436.8	4	4	1
14	7	703439	703441	0.64033	29.4	688	1401.4	688.5	1401	4	4	1
14	8	703586	704486	1223.5341	1242.7	688.4	1431.5	382.2	246.9	4	4	1
14	9	704797	704883	185.0006	353.2	376.1	270.7	238	393.8	4	4	1
14	10	705346	707311	452.3827	1109	237.4	403.7	465.1	794.6	4	4	1
14	11	707352	707441	16.513	75.1	468.7	785.6	465.5	769.4	4	4	1
14	12	707492	707606	678.2332	527.1	466.2	766.1	613.7	1428.1	4	4	1
14	13	707870	707912	150.7241	384.4	615	1437.5	617.7	1286.8	4	4	1
14	14	708710	708789	256.862	351.5	614.5	1270.6	761.7	1481.1	4	4	1
14	15	709153	709217	119.419	247.5	764.1	1443	820.8	1337.9	4	4	1
14	16	709937	710037	144.4449	306.7	812.1	1290.1	808.5	1145.7	4	4	1
14	17	710498	710508	13.9806	71	802.2	1194.2	803.7	1180.3	4	4	1
14	18	710566	710595	82.3428	192.3	803.2	1177.2	832.9	1254	4	4	1
14	19	710632	710649	16.8583	61.1	830.3	1261.5	828.9	1244.7	4	4	1
14	20	710763	710777	8.2279	82.8	829.7	1230.3	827.4	1238.2	4	4	1
14	21	711073	711160	147.8012	216.7	824.7	1227.9	860.5	1371.3	4	4	1
15	1	718519	718540	20.5526	86.8	508.7	438	495.8	454	4	4	1
15	2	718656	718662	10.171	83.6	500.1	454.6	498.9	464.7	4	4	1
15	3	718704	718719	19.0704	66.2	501.1	455.2	497.9	436.4	4	4	1
15	4	718794	718946	281.5114	736.1	495.8	410.4	386.2	669.7	4	4	1
15	5	718974	718989	8.5988	96.5	387.6	678.4	386.3	669.9	4	4	1
15	6	719261	719305	234.9674	485.8	385.7	652.1	364.4	418.1	4	4	1
15	7	719529	719595	243.5838	312.7	365.1	394.5	533.6	218.6	4	4	1
15	8	720016	720039	41.9072	114.1	537.5	206.4	578.9	212.9	4	4	1
15	9	720295	720315	38.4688	128.3	582.1	214	614.2	235.2	4	4	1
15	10	720543	720548	10.2005	48.8	616.3	235.8	616.4	225.6	4	4	1
15	11	720645	720669	47.5184	144.3	615.2	228.7	649	195.3	4	4	1
15	12	721594	721636	209.3417	361.4	656.1	176.6	648.4	-32.6	4	4	1
15	13	722463	722572	375.8982	396.7	641.2	-23.9	405.1	268.6	4	4	1
15	14	723010	723077	308.9019	371.6	403.6	281.3	166.5	83.3	4	4	1
15	15	723288	723319	74.9443	159.5	173.9	57.9	224.7	2.8	4	4	1
15	16	723648	723740	394.1895	263.6	228.5	0.7	621.5	-29.9	4	4	1
15	17	724183	724204	40.924	136	638	-33.4	636.6	7.5	4	4	1
15	18	724734	724804	170.4499	478.5	635.6	7.2	652.6	176.8	4	4	1
15	19	725890	725997	671.8897	830.7	645.6	175.6	699.8	845.3	4	4	1
15	20	726042	726057	3.5057	65.1	700.9	842.4	701.1	845.9	4	4	1
15	21	726254	726271	5.6294	69.2	702.4	822.9	701.2	828.4	4	4	1
15	22	726530	728055	206.5597	948	706	855.2	688.3	1061	4	4	1
1	1	456853	456896	83.0174	293.5	485.3	230.5	501.1	312	4	4	1
1	2	457149	457824	361.9704	2768	501.2	313.7	273.4	32.4	4	4	1
1	3	458142	458254	522.129	765.2	284.2	21.8	108	513.3	4	4	1
1	4	458334	458424	195.2519	564.3	107.9	511.6	115.6	316.5	4	4	1
1	5	458802	458914	667.9931	555.4	122.8	306.9	713.4	-5.2	4	4	1
1	6	459203	459222	42.5075	121.4	733.5	-7.8	742.7	-49.3	4	4	1
1	7	459406	459429	47.4175	109.8	739.1	-51.9	785.2	-40.8	4	4	1
1	8	459640	459683	80.9427	159	789.1	-28.2	712.9	-0.9	4	4	1
1	9	460002	460093	386.3501	317.6	700	1.3	313.9	15.2	4	4	1
1	10	460350	460466	1452.3641	1283.7	312.3	21.9	735.3	1411.3	4	4	1
1	11	460503	460520	40.4243	74.3	729.9	1408.6	731.3	1368.2	4	4	1
1	12	460881	461018	691.0533	1339.3	734.6	1394.1	907.4	725	4	4	1
1	13	461148	461162	2.8284	93.5	906.6	708	907	705.2	4	4	1
1	14	461211	461272	558.649	784.1	906.6	704.9	899.2	146.3	4	4	1
1	15	461419	461457	179.8951	307.5	894.7	126	905	-53.6	4	4	1
1	16	461759	461777	33.9779	96.8	895.3	-85.6	923.8	-104.1	4	4	1
1	17	462055	462067	19.0245	68.6	926.6	-91.9	931.8	-73.6	4	4	1
1	18	462400	462540	704.5055	703.8	931	-77.4	429.6	417.5	4	4	1
1	19	463208	463631	617.9824	1146.1	443.4	377.4	158.9	926	4	4	1
1	20	463728	463977	782.4588	1808.4	158.8	922.7	382.5	172.9	4	4	1
1	21	464136	464171	128.2211	337.1	380.4	196.4	433.3	79.6	4	4	1
1	22	464351	464374	64.4686	207.9	433	76.3	449.2	13.9	4	4	1
1	23	464825	464837	20.1757	83.4	453.6	8.2	460.1	-10.9	4	4	1
1	24	465150	465233	261.1648	303.7	464.8	7.8	715.7	80.3	4	4	1
1	25	465702	466797	220.7715	1585	712.1	92.1	586.7	273.8	4	4	1
2	1	476965	477071	383.6793	936.9	498.5	342.4	262.1	644.6	4	4	1
2	2	477154	477159	11.311	75.7	257.5	658.1	257	646.8	4	4	1
2	3	477241	477272	127.6822	370	255.4	649.9	178.2	548.2	4	4	1
2	4	477539	477599	435.5169	897.4	177.9	513	262.1	85.7	4	4	1
2	5	477842	477925	369.4523	275.2	269.6	74.1	625.9	-23.6	4	4	1
2	6	478093	478140	163.3111	205.2	628.6	-26.5	787.5	-64.2	4	4	1
2	7	478242	478940	1178.3498	1269.7	792.5	-65.8	878.6	1109.4	4	4	1
2	8	479039	479053	6.6007	70.3	887.6	1100.3	887.7	1106.9	4	4	1
2	9	479157	479165	13.3094	62.8	888.2	1100.6	887.7	1113.9	4	4	1
2	10	479213	479299	244.8785	493.7	887.6	1105.4	902.9	861	4	4	1
2	11	479353	479361	3.6688	80.1	904.7	852.5	905.8	849	4	4	1
2	12	479533	479609	745.5118	1176	906.7	843.7	866	99.3	4	4	1
2	13	479981	480008	85.7336	216.9	863.4	92.7	889.7	11.1	4	4	1
2	14	480450	480548	523.141	338	898.7	0.1	378.2	52.6	4	4	1
2	15	480945	480986	124.9042	240.3	370	42.5	249.7	76.1	4	4	1
2	16	481424	481557	585.7925	367.2	242.3	68.7	825.4	124.8	4	4	1
2	17	482294	482475	908.2778	647	823.3	124.2	295.8	863.6	4	4	1
2	18	482758	483508	636.7442	518.7	289.3	865.8	834.1	1195.4	4	4	1
2	19	483552	483559	20.3121	91	835.6	1171.9	836.3	1151.6	4	4	1
2	20	483798	483838	190.5361	407.1	839.8	1141	886.2	956.2	4	4	1
2	21	484310	484555	840.0432	2395	893.8	988.9	300.3	394.4	4	4	1
2	22	485070	485225	568.2021	393.2	299.9	383.1	848	532.9	4	4	1
2	23	485442	485499	459.5951	997.9	855.5	513.6	788.6	58.9	4	4	1
2	24	486094	486126	72.7351	164.7	786.9	38.5	733.7	-11.1	4	4	1
2	25	486463	486488	45.7106	137.9	736	-8.3	769.5	22.8	4	4	1
2	26	486607	486671	303.7977	405.5	763.4	9.3	470	88.1	4	4	1
3	1	493571	493614	292.2103	572.7	500	354.5	423.8	72.4	4	4	1
3	2	493946	493999	221.608	264.6	414	62.9	193.1	80.6	4	4	1
3	3	494244	494270	84.9817	202.5	186.1	64.4	143.1	-8.9	4	4	1
3	4	494725	494740	28.9358	106.1	133.6	-27.7	162.4	-24.9	4	4	1
3	5	495246	495303	238.5182	290.8	184.3	-22.4	422.6	-12.2	4	4	1
3	6	495524	495549	63.9851	152.5	424.6	-11.7	488.5	-15	4	4	1
3	7	495822	495905	306.4332	487.4	530.7	-19.1	656.1	260.5	4	4	1
3	8	496149	496244	471.6553	432.5	654	242	186.1	182.6	4	4	1
3	9	496645	496667	44.7786	155	186.8	164.6	229.2	150.2	4	4	1
3	10	497141	497289	1400.3151	870.1	224.5	162.2	798.2	1439.6	4	4	1
3	11	497720	498218	1334.9798	1694	809	1400.3	209.7	207.4	4	4	1
3	12	498452	498476	82.7481	275.6	208.4	202.3	217	120	4	4	1
3	13	498829	498850	50.8434	161.4	216.6	114.8	229.8	65.7	4	4	1
3	14	499281	499301	43.4195	122.8	222.2	55.1	257.7	30.1	4	4	1
3	15	499568	499609	119.8786	225.7	261.3	27.4	378.5	2.2	4	4	1
3	16	500139	500158	43.7559	144.6	377.9	-2.3	421.2	-8.6	4	4	1
3	17	500505	500526	43.5839	123.9	418.7	-10	462.1	-14	4	4	1
3	18	500901	500923	43.6041	117.1	466.6	-14.3	510.2	-13.7	4	4	1
3	19	501256	501281	55.3852	128.2	525.9	-9.5	580.3	0.9	4	4	1
3	20	501984	502006	49.7829	146.4	592.9	2.6	632.4	-27.7	4	4	1
3	21	502135	502160	49.4677	101.6	635.1	-29.5	678.3	-5.4	4	4	1
3	22	502507	502541	143.0091	301.4	694.1	-8.9	552	7.2	4	4	1
3	23	502825	502906	319.9391	282	533.5	15.4	213.6	20.4	4	4	1
4	1	511798	511824	12.6254	57.9	506.8	365.4	506	378	4	4	1
4	2	512049	512089	170.5029	420.3	507.3	353.8	466.3	188.3	4	4	1
4	3	512208	512266	254.301	304.5	466.8	186.2	212.5	185.5	4	4	1
4	4	512631	513677	1210.1489	970.9	213.6	163.3	154.4	1372	4	4	1
4	5	513760	513766	12.1334	68.2	152.4	1366.5	151.5	1354.4	4	4	1
4	6	513878	513996	436.1378	765.3	155.5	1345.1	141.1	909.2	4	4	1
4	7	514022	514027	12.6396	67.4	143.7	904.7	142.7	917.3	4	4	1
4	8	514119	514137	14.6031	102.9	143.7	890.8	144	905.4	4	4	1
4	9	514347	514493	899.7108	490.9	143.3	892.2	865.7	1428.5	4	4	1
4	10	514895	515017	1141.9946	1842.9	866.1	1383.5	757.3	246.7	4	4	1
4	11	515173	515609	324.6361	2985.8999	756.5	260.4	595.5	-21.5	4	4	1
4	12	515945	516005	246.1668	302.6	588.7	-25.9	829.9	-75.1	4	4	1
4	13	516542	516590	126.4665	269.1	831.3	-73	893.7	37	4	4	1
4	14	516832	516883	58.0739	169.3	892.7	65.1	936	103.8	4	4	1
4	15	517198	517297	579.406	733	927	124.4	359	10	4	4	1
4	16	517700	517924	748.7017	2035.5	342.9	-4.6	551	714.6	4	4	1
4	17	517949	518063	720.9673	1334.8	547.5	702.2	453.4	-12.6	4	4	1
4	18	518573	519080	551.9725	1482.9	414	30.5	343.1	577.9	4	4	1
4	19	519168	520612	447.1412	789.7	340.5	567.1	123.4	958	4	4	1
4	20	520907	521028	516.291	1134.4	126.7	958.4	254.2	458.1	4	4	1
4	21	521393	521475	321.5422	532.3	264.5	445.2	367.2	749.9	4	4	1
5	1	528530	528627	310.8204	518.1	413.5	402.9	186.2	614.9	4	4	1
5	2	528973	529069	546.9002	485.5	188.3	608.4	674.2	357.4	4	4	1
5	3	529432	529477	364.8108	696	681.5	332.5	669.1	-32.1	4	4	1
5	4	529648	529761	491.2901	747.3	697.5	-43	888.6	409.6	4	4	1
5	5	529900	530097	509.9257	753.7	888.7	416.8	398	555.5	4	4	1
5	6	530136	530159	11.1288	83.4	396.1	561.3	395.3	572.4	4	4	1
5	7	530318	530380	268.4925	872.7	392.9	562	423	295.2	4	4	1
5	8	530542	530607	219.5592	588.7	426.7	295.1	396.7	77.6	4	4	1
5	9	530732	530893	1212.387	1167.4	399	84.5	204.6	1281.2	4	4	1
5	10	531016	531020	15.4208	54.9	204.1	1290.4	204.9	1275	4	4	1
5	11	531362	531493	855.1862	1378.4	202.2	1282.7	118.7	431.6	4	4	1
5	12	531737	531759	3.3242	58.1	125.3	420.1	124.9	416.8	4	4	1
5	13	531817	531864	409.6565	804.3	126	421.7	132.8	12.1	4	4	1
5	14	532341	532434	192.2196	350.8	134.7	5.5	109.8	196.1	4	4	1
5	15	532776	532914	682.4862	345.8	108.8	200.6	742.3	-53.3	4	4	1
5	16	533631	533648	20.2252	62.8	741.3	-50.8	755.8	-36.7	4	4	1
5	17	533854	533957	629.4775	986.4	752.4	-30.1	915.8	577.8	4	4	1
5	18	534128	534141	1.8439	75.5	910	578.2	908.2	577.8	4	4	1
5	19	534328	534478	634.8615	1205.7	905	564	702.5	-37.7	4	4	1
5	20	534834	534971	394.1427	519.7	683.4	-31.8	901.5	296.5	4	4	1
5	21	535165	535203	219.7492	521.5	901.3	303	920.6	84.1	4	4	1
5	22	535565	535630	269.8015	354.7	919.9	65.4	671.2	-39.2	4	4	1
5	23	536186	536297	1390.5348	1335.7	677.3	-38.6	722.5	1351.2	4	4	1
5	24	536329	536337	18.9676	77.7	726.9	1329	725.3	1347.9	4	4	1
5	25	536620	536744	995.0104	1369.9	725.8	1376.6	424.2	428.4	4	4	1
5	26	537071	537262	156.4123	2543.5	429.6	402	452	247.2	4	4	1
5	27	537797	537972	944.3551	1238.2	449.5	233.3	188.6	1140.9	4	4	1
5	28	538020	538027	16.4195	82.4	189.2	1151.1	188.4	1134.7	4	4	1
6	1	562986	563128	236.5158	1345.6	498	439.8	505.4	203.4	4	4	1
6	2	563397	563434	152.7249	314.4	507.6	183.2	411.5	64.5	4	4	1
6	3	563862	563913	117.4234	340.4	404.6	48.2	434.7	161.7	4	4	1
6	4	564211	564288	343.8116	319.4	434.1	171.2	721.5	-17.5	4	4	1
6	5	564681	564736	148.3387	155.4	726.5	-28.6	874.4	-40	4	4	1
6	6	565202	565222	41.6684	114.4	866.3	-36.2	846.2	-72.7	4	4	1
6	7	565464	566086	502.8865	1437.4	843.9	-78.8	414.9	183.6	4	4	1
6	8	566441	566473	93.848	249.3	417.2	180.3	420.2	86.5	4	4	1
6	9	567123	567191	157.2093	494.5	425	91.4	468.4	242.5	4	4	1
6	10	567824	567856	131.5621	335.7	467.3	231.8	459	100.5	4	4	1
6	11	568411	568458	80.7847	185.5	454.9	82.4	529.5	51.4	4	4	1
6	12	568995	569014	41.1428	132.4	532.2	40.2	573	34.9	4	4	1
6	13	569701	569717	27.1074	98.2	579.5	30.1	604	18.5	4	4	1
6	14	570037	570204	747.3863	1304.2	608.4	19.2	653.9	765.2	4	4	1
6	15	570295	570332	5.8138	66.3	653.4	754	653	748.2	4	4	1
6	16	570384	570410	145.5371	484.2	651.3	751.2	641.4	606	4	4	1
6	17	570476	570489	13.8058	81.8	640.2	614.3	640.6	600.5	4	4	1
6	18	570644	570669	3.6496	105.7	641	596	641.6	599.6	4	4	1
6	19	570857	570875	13.5484	74.8	639	597.4	637	610.8	4	4	1
6	20	571116	571124	17.5262	88.9	636.6	600.3	638.7	582.9	4	4	1
6	21	571215	571221	7.8103	78.2	635.6	587.9	637.4	580.3	4	4	1
6	22	571246	571326	457.3678	887.8	638.5	573.6	723.5	124.2	4	4	1
6	23	571674	571695	49.481	129.7	714.6	127.9	756	100.8	4	4	1
6	24	572183	572207	66.3332	224.5	754.7	106.8	781.9	46.3	4	4	1
7	1	579030	579069	191.669	554.1	496	399.3	509.4	208.1	4	4	1
7	2	579204	579267	240.2267	300.6	508.3	198.4	268.6	182.5	4	4	1
7	3	579566	579688	266.0095	402.9	269	168.4	188.7	422	4	4	1
7	4	580162	580186	75.1324	236.8	190.7	415.8	202.5	341.6	4	4	1
7	5	580558	580611	322.0613	494.5	204	316.8	159.7	-2.2	4	4	1
7	6	581387	581436	308.0871	560.1	167.7	-18.1	203.5	287.9	4	4	1
7	7	582147	582167	32.8006	128.1	205.8	268.7	238.6	268.5	4	4	1
7	8	582688	582738	290.8598	405.5	231.6	266.4	174.5	-18.8	4	4	1
7	9	583126	583246	558.558	302.7	144.3	-12.2	701.9	-44.9	4	4	1
7	10	583875	583977	907.5975	1228.5	698.6	-43.3	711.9	864.2	4	4	1
7	11	584032	584049	7.9631	72.7	714.7	847.5	715.7	839.6	4	4	1
7	12	584357	584437	592.3588	963.1	714.9	838.8	759.2	248.1	4	4	1
7	13	584775	584823	280.154	568.9	758.9	235.6	735.8	-43.6	4	4	1
7	14	585640	585695	211.5324	283.7	722.4	-39.7	512.1	-16.9	4	4	1
7	15	586327	586350	61.1955	192.2	504.8	-16.5	445.6	-1	4	4	1
7	16	587014	587062	164.9539	238.8	434.4	-5.1	270.7	15.2	4	4	1
7	17	587534	587576	153.163	243.4	254.4	12.3	407.1	0.4	4	4	1
7	18	588119	588143	61.0262	145.7	410.5	-4.4	349.9	-11.6	4	4	1
8	1	597521	597546	48.9753	161.7	512.3	385.7	499.6	433	4	4	1
8	2	597784	597832	365.6138	657	494.2	379.6	451.4	16.5	4	4	1
8	3	598124	598168	77.9888	249.9	448.2	14.8	498.5	74.4	4	4	1
8	4	598341	598416	292.7098	250.1	502.2	80.4	778.3	-16.8	4	4	1
8	5	598615	598639	54.569	147.2	774	-19.1	805.3	-63.8	4	4	1
8	6	598860	598971	429.0231	283.8	809.9	-69.9	424.8	119.2	4	4	1
8	7	599025	599071	136.4235	244.8	419.3	122.2	285.3	147.8	4	4	1
8	8	599669	599699	84.0208	150.1	276.2	143.2	209.2	92.5	4	4	1
8	9	600073	600104	80.9259	163.8	192.9	66.7	140.3	5.2	4	4	1
8	10	600365	600380	20.5767	63.8	131.7	-8.3	122.1	-26.5	4	4	1
8	11	600717	602155	1187.4486	1405.6	126.9	-30	731	992.3	4	4	1
8	12	602213	602217	10.4389	67.1	735.2	987	736.1	976.6	4	4	1
8	13	602239	602311	939.9739	1499.9	734.2	981.1	568.2	55.9	4	4	1
8	14	602708	602753	74.3275	288.3	571.9	50.1	532.3	113	4	4	1
8	15	602937	602994	171.1	237.2	527.1	120.5	384.2	26.4	4	4	1
8	16	603235	603260	59.9722	128.4	385.4	18.7	438.9	-8.4	4	4	1
8	17	603526	603583	237.7642	272.6	448.6	-12	685.2	-35.5	4	4	1
8	18	604006	604024	37.2313	110.9	683.6	-37.8	719.2	-48.7	4	4	1
8	19	604426	604475	81.1696	192	728.8	-49.4	692.3	23.1	4	4	1
8	20	604854	604903	122.583	191.3	683.3	42.6	564.1	71.2	4	4	1
8	21	605093	605294	91.1755	2153.6001	554.1	77.4	463.4	86.7	4	4	1
8	22	605628	605677	166.8179	239.4	451.8	80	286	61.6	4	4	1
8	23	606087	606119	67.0858	128.1	272.1	57.8	206.6	43.3	4	4	1
8	24	606549	606568	39.7554	114	196.3	35.2	202.3	-4.1	4	4	1
8	25	607096	607133	83.5089	170.2	205.5	-18.8	127.3	10.5	4	4	1
9	1	614290	614327	146.3938	342.3	496	254.4	566.5	126.1	4	4	1
9	2	614690	614733	158.5828	309	569.3	109	643.6	-31.1	4	4	1
9	3	615057	615080	43.9259	110.9	679.3	-35.4	721.1	-48.9	4	4	1
9	4	615367	615473	529.1582	357.7	749.8	-54.9	222.4	-11.8	4	4	1
9	5	615860	615941	205.6603	319.9	206.8	-9.9	91.5	160.4	4	4	1
9	6	616348	616383	131.6687	260.5	111.1	160.2	198.7	61.9	4	4	1
9	7	616784	616804	35.4683	136.8	204.9	41.6	239.1	32.2	4	4	1
9	8	616930	618289	1166.5579	1180.7	241.7	28.9	603.3	1138	4	4	1
9	9	618489	618602	689.8868	1365.5	599.3	1139.5	622.4	450	4	4	1
9	10	618629	618664	1.118	70.4	623.3	455.3	623.1	454.2	4	4	1
9	11	618730	618774	4.1304	70.6	623.4	448.2	623.9	452.3	4	4	1
9	12	618994	619016	0.44724	87.3	622.6	451.1	623	450.9	4	4	1
9	13	619042	619134	459.9754	1157.1	623.7	448.1	636.4	907.9	4	4	1
9	14	619348	619364	14.2275	119.7	637.4	906.2	639.3	892.1	4	4	1
9	15	619453	619490	147.7528	322.6	641.3	893.6	660.5	747.1	4	4	1
9	16	619519	619530	4.111	63.3	660.6	742.7	660.9	738.6	4	4	1
9	17	619934	620015	584.8857	942.4	661.4	729.5	460.5	180.2	4	4	1
9	18	620577	620649	314.0606	309.3	451.8	164.8	702.7	-24.1	4	4	1
9	19	621479	621536	199.9914	207.1	730.9	-27.4	924.2	-78.7	4	4	1
9	20	621764	621784	41.7732	126.3	922.5	-82.3	960.1	-100.5	4	4	1
9	21	622178	622288	537.8495	367.5	967	-101.6	436.7	-11.8	4	4	1
9	22	622749	623395	1225.5404	1422.6	436.1	-12.4	585.5	1204	4	4	1
10	1	629936	629950	21.9021	105.3	509.9	478.2	492.2	465.3	4	4	1
10	2	630017	630078	6.3789	80.6	499.9	467.3	498.9	461	4	4	1
10	3	630198	630241	256.6748	598.5	500.1	431.2	593.7	192.2	4	4	1
10	4	630519	631019	327.2658	838.7	594.8	162.7	432.7	447	4	4	1
10	5	631137	631146	13.9014	72.4	431.7	455.8	431.5	441.9	4	4	1
10	6	631251	631294	36.0802	255.6	429.9	428	456.2	403.3	4	4	1
10	7	631619	631644	112.1253	437.4	459.3	405.8	454	293.8	4	4	1
10	8	632251	632315	307.0586	486.5	453.3	288.2	279.3	35.2	4	4	1
10	9	632854	632920	285.9414	289.8	278.1	24.5	561.3	-15	4	4	1
10	10	633360	633467	370.2147	242.6	559.7	-17	189.5	-20.3	4	4	1
10	11	633834	633935	411.3249	259.6	195	-20.7	606.1	-7.1	4	4	1
10	12	634494	634561	253.2719	362.8	595.1	-1.1	761.2	190.1	4	4	1
10	13	635001	637630	622.4891	1490.3	762.1	184.7	430	711.2	4	4	1
10	14	637706	637769	84.1951	222.7	430.7	718.9	512.7	738	4	4	1
10	15	637830	637842	14.6055	52.6	513.7	713.5	513.3	728.1	4	4	1
10	16	637969	637982	16.5303	69	512.5	707.5	511.5	724	4	4	1
10	17	638041	638055	6.3	51.9	512.3	717.4	512.3	711.1	4	4	1
10	18	638206	638226	9.1197	66	514.1	699.2	513.5	708.3	4	4	1
10	19	638333	638401	357.4915	791.2	512	705.4	463.6	351.2	4	4	1
10	20	638705	638744	173.301	400.2	460.1	339	460.7	165.7	4	4	1
10	21	639378	639409	77.647	177	462.9	131.7	472.1	54.6	4	4	1
10	22	639725	639753	73.7765	168.4	479.9	33.5	553.5	38.6	4	4	1
11	1	653955	653985	8.6556	112.6	505.1	362.3	510.7	355.7	4	4	1
11	2	654095	654114	18.9042	68.1	506.7	363.5	513.6	381.1	4	4	1
11	3	654172	654242	40.8502	163.9	508.1	373.5	467.4	370	4	4	1
11	4	654458	654518	247.5008	286.9	465.2	355.9	222.3	308.4	4	4	1
11	5	654739	654780	222.1806	439.6	224.7	284.1	176.1	67.3	4	4	1
11	6	655029	655052	57.3838	158.5	177.3	60.4	207	11.3	4	4	1
11	7	655438	655537	544.8432	357.7	220.1	-2.3	763.9	31.4	4	4	1
11	8	655900	656012	330.4645	620.8	767.3	27.3	638.9	331.8	4	4	1
11	9	656429	656546	270.0566	395	634.1	348.4	404.7	490.9	4	4	1
11	10	657121	657265	1046.7158	967.9	405.6	477.5	119.3	1484.3	4	4	1
11	11	657399	657438	1.6031	56.5	125.5	1479.5	125.4	1481.1	4	4	1
11	12	658394	658461	228.0887	567.7	682.6	1335	641.2	1110.7	4	4	1
11	13	658484	658494	6.0531	70.4	637.4	1097.7	638.2	1091.7	4	4	1
11	14	658605	658717	563.7566	1155.8	638.6	1071	611.4	507.9	4	4	1
11	15	658755	658765	15.4159	92	612	517.2	612.7	501.8	4	4	1
11	16	658797	658809	6.5192	78.1	612.3	510.2	614.6	504.1	4	4	1
11	17	658858	658871	1.3454	71.6	612	498.4	612.9	499.4	4	4	1
11	18	658912	658928	6.3127	94.9	613	489.9	613.4	496.2	4	4	1
11	19	659088	659128	7.3682	75.8	613.1	493.7	614.1	486.4	4	4	1
11	20	659194	659227	2.7019	76.8	612.8	484.4	612.9	487.1	4	4	1
11	21	659361	659549	495.7223	1684.2	612.1	498.3	481.1	20.2	4	4	1
11	22	660033	660070	100.3231	180	472.8	24	565.4	-14.6	4	4	1
11	23	660278	660298	30.4631	90.5	568.4	-19.3	598	-26.5	4	4	1
11	24	660682	660705	30.128	91.3	605.2	-25.8	635.1	-29.5	4	4	1
11	25	660895	660976	332.8806	296.4	643.8	-34.4	312	-7.6	4	4	1
11	26	661459	661501	114.7907	187.4	312	-10.3	203.1	26	4	4	1
11	27	662016	662185	438.6121	530.7	201.6	21.5	636.9	-32.3	4	4	1
11	28	662511	662523	17.121	72.5	621.5	-30	638.3	-33.3	4	4	1
11	29	663169	663327	700.5587	514.9	646.1	-33.7	195.6	502.8	4	4	1
12	1	670703	670742	241.5204	521.3	493.6	341.3	476.3	100.4	4	4	1
12	2	670899	670960	252.4016	341.3	471.5	88.2	219.1	87.3	4	4	1
12	3	671532	671557	73.4914	196	217.8	62.3	241.1	-7.4	4	4	1
12	4	671890	672027	520.3506	299.6	261.1	-14	775.9	61.8	4	4	1
12	5	672423	672548	1236.7991	1242.8	789.6	79.6	762.4	1316.1	4	4	1
12	6	673072	673357	1350.0166	1628.9	761.5	1315.1	218.5	79.1	4	4	1
12	7	674123	674240	342.3272	675.1	216.3	76.8	189.8	418.1	4	4	1
12	8	674642	674721	387.1945	446.8	187.9	408.4	315.4	42.8	4	4	1
12	9	674979	674999	40.4623	112.7	321.6	34.1	349.4	4.7	4	4	1
12	10	675584	675604	34.2187	110.8	357.3	2.9	325.9	-10.7	4	4	1
12	11	676232	676436	138.0725	1304	314.9	-3.1	452.8	3.8	4	4	1
12	12	676643	676651	9.0139	49.4	440.1	5.2	431.6	8.2	4	4	1
12	13	677293	677337	132.1768	195.5	436.1	9.9	305.7	-11.7	4	4	1
12	14	677671	677731	109.4108	171.5	281.3	-7.1	179	31.7	4	4	1
12	15	678458	678481	62.3571	195	177.6	22.9	218	70.4	4	4	1
12	16	678775	678839	816.6399	945.8	211.9	75	238.7	891.2	4	4	1
12	17	678948	678996	484.2717	812.4	236.6	880.6	204.4	397.4	4	4	1
13	1	686154	686390	145.6703	1802.7	437.5	322.5	453.4	177.7	4	4	1
13	2	686635	686710	276.744	294.6	452.7	177.6	202.8	296.5	4	4	1
13	3	686843	686884	241.5362	419.2	198.3	289.9	174.9	49.5	4	4	1
13	4	687211	687230	40.7957	113.7	172.7	28.2	182.9	-11.3	4	4	1
13	5	687675	687690	21.9064	74.8	178.2	-23.1	156.5	-26.1	4	4	1
13	6	688428	688462	81.5839	224.7	149.1	-26.3	116.3	48.4	4	4	1
13	7	688780	688884	387.3495	710.4	121.1	55.5	107.2	442.6	4	4	1
13	8	689390	689518	300.2932	576.7	104.8	461	130.4	760.2	4	4	1
13	9	689565	689593	10.5171	60.9	132.5	773.5	133.1	763	4	4	1
13	10	689621	689700	4.588	92.2	132.7	785.1	131.4	780.7	4	4	1
13	11	689739	689775	16.6075	66.3	131.7	787.4	132.2	804	4	4	1
13	12	689844	689857	5.8309	97.1	131.1	817.6	131.7	811.8	4	4	1
13	13	689941	690036	595.6845	916.3	131.6	810.2	153	1405.5	4	4	1
13	14	690087	690139	22.9559	86.4	157.1	1413.3	155.5	1390.4	4	4	1
13	15	690276	691019	1384.5844	1217.2	156.9	1409.5	313.5	33.8	4	4	1
13	16	691430	691446	30.9477	110.2	312.2	30	304.6	0	4	4	1
13	17	691716	691734	35.9356	110.3	298	-3.3	262.4	-8.2	4	4	1
13	18	692304	692371	298.5917	284.8	269.2	-13.8	567.6	-3.1	4	4	1
13	19	692679	692701	47.4292	147.7	569.5	-8	616.3	-15.7	4	4	1
13	20	693136	693169	69.9167	134.4	625.5	-13.4	695.2	-7.9	4	4	1
13	21	693802	693816	20.0662	79	690.9	-3.2	671.3	-7.5	4	4	1
13	22	694089	694098	11.9553	57.9	676.7	-16.1	685.4	-24.3	4	4	1
13	23	694348	695499	730.2008	1688.6	684.6	-26.2	421.1	654.8	4	4	1
13	24	695533	695543	17.3011	95.2	419.9	666.3	419.7	649	4	4	1
13	25	695650	695656	15.103	95.3	416.3	647.8	416.6	632.7	4	4	1
14	1	701317	701332	19.891	73.8	394.4	331.9	414.2	333.8	4	4	1
14	2	701417	701477	23.5	230.9	413.9	323.6	428	342.4	4	4	1
14	3	701517	701533	27.1553	92.3	422.4	351.9	419.5	324.9	4	4	1
14	4	701781	701830	294.9129	725.3	415.1	289.8	526.9	16.9	4	4	1
14	5	702091	702186	491.7909	670.9	529.2	8.4	378.4	476.5	4	4	1
14	6	702389	703410	1008.0012	1222.2	375.2	478.3	687.2	1436.8	4	4	1
14	7	703439	703441	0.64033	29.4	688	1401.4	688.5	1401	4	4	1
14	8	703586	704486	1223.5341	1242.7	688.4	1431.5	382.2	246.9	4	4	1
14	9	704797	704883	185.0006	353.2	376.1	270.7	238	393.8	4	4	1
14	10	705346	707311	452.3827	1109	237.4	403.7	465.1	794.6	4	4	1
14	11	707352	707441	16.513	75.1	468.7	785.6	465.5	769.4	4	4	1
14	12	707492	707606	678.2332	527.1	466.2	766.1	613.7	1428.1	4	4	1
14	13	707870	707912	150.7241	384.4	615	1437.5	617.7	1286.8	4	4	1
14	14	708710	708789	256.862	351.5	614.5	1270.6	761.7	1481.1	4	4	1
14	15	709153	709217	119.419	247.5	764.1	1443	820.8	1337.9	4	4	1
14	16	709937	710037	144.4449	306.7	812.1	1290.1	808.5	1145.7	4	4	1
14	17	710498	710508	13.9806	71	802.2	1194.2	803.7	1180.3	4	4	1
14	18	710566	710595	82.3428	192.3	803.2	1177.2	832.9	1254	4	4	1
14	19	710632	710649	16.8583	61.1	830.3	1261.5	828.9	1244.7	4	4	1
14	20	710763	710777	8.2279	82.8	829.7	1230.3	827.4	1238.2	4	4	1
14	21	711073	711160	147.8012	216.7	824.7	1227.9	860.5	1371.3	4	4	1
15	1	718519	718540	20.5526	86.8	508.7	438	495.8	454	4	4	1
15	2	718656	718662	10.171	83.6	500.1	454.6	498.9	464.7	4	4	1
15	3	718704	718719	19.0704	66.2	501.1	455.2	497.9	436.4	4	4	1
15	4	718794	718946	281.5114	736.1	495.8	410.4	386.2	669.7	4	4	1
15	5	718974	718989	8.5988	96.5	387.6	678.4	386.3	669.9	4	4	1
15	6	719261	719305	234.9674	485.8	385.7	652.1	364.4	418.1	4	4	1
15	7	719529	719595	243.5838	312.7	365.1	394.5	533.6	218.6	4	4	1
15	8	720016	720039	41.9072	114.1	537.5	206.4	578.9	212.9	4	4	1
15	9	720295	720315	38.4688	128.3	582.1	214	614.2	235.2	4	4	1
15	10	720543	720548	10.2005	48.8	616.3	235.8	616.4	225.6	4	4	1
15	11	720645	720669	47.5184	144.3	615.2	228.7	649	195.3	4	4	1
15	12	721594	721636	209.3417	361.4	656.1	176.6	648.4	-32.6	4	4	1
15	13	722463	722572	375.8982	396.7	641.2	-23.9	405.1	268.6	4	4	1
15	14	723010	723077	308.9019	371.6	403.6	281.3	166.5	83.3	4	4	1
15	15	723288	723319	74.9443	159.5	173.9	57.9	224.7	2.8	4	4	1
15	16	723648	723740	394.1895	263.6	228.5	0.7	621.5	-29.9	4	4	1
15	17	724183	724204	40.924	136	638	-33.4	636.6	7.5	4	4	1
15	18	724734	724804	170.4499	478.5	635.6	7.2	652.6	176.8	4	4	1
15	19	725890	725997	671.8897	830.7	645.6	175.6	699.8	845.3	4	4	1
15	20	726042	726057	3.5057	65.1	700.9	842.4	701.1	845.9	4	4	1
15	21	726254	726271	5.6294	69.2	702.4	822.9	701.2	828.4	4	4	1
15	22	726530	728055	206.5597	948	706	855.2	688.3	1061	4	4	1

