1	1	1856531	1856567	98.8681	232.8	518.1	378.7	420	391	5	1	1
1	2	1856873	1856919	154.1251	308.5	429.3	394.6	493.1	534.9	5	1	1
1	3	1857145	1857193	135.6063	273.2	493.8	531	452.3	401.9	5	1	1
1	4	1857411	1857489	232.7397	304.3	449.1	408.4	219.5	446.5	5	1	1
1	5	1857617	1857653	108.8359	221.6	204.8	448.6	129	370.5	5	1	1
1	6	1857885	1857925	92.7397	167.6	129.9	372.6	109.2	282.2	5	1	1
1	7	1858007	1858093	357.5302	385.2	105.4	293	460.2	248.9	5	1	1
1	8	1858353	1858383	66.8445	180.2	475.7	249.4	520.4	299.1	5	1	1
1	9	1858633	1858691	143.5243	289.2	514.6	297.4	377.7	340.5	5	1	1
1	10	1858947	1858987	72.1044	231.9	364.7	338.1	320.8	395.3	5	1	1
1	11	1859145	1859213	226.0211	391.7	312.2	385.7	533	434	5	1	1
1	12	1859561	1859607	125.442	298.5	547.3	441.4	519.4	563.7	5	1	1
1	13	1859817	1859871	200.5025	329.4	514.1	559.8	394.6	720.8	5	1	1
1	14	1860145	1860177	94.3492	208.2	392.8	718.1	303.9	686.5	5	1	1
1	15	1860341	1860391	175.1512	301.5	313.7	680.3	455	576.8	5	1	1
1	16	1860565	1860629	202.2142	354.1	450.2	572.7	650.8	598.2	5	1	1
1	17	1860813	1860867	197.6965	335	660.2	601.7	467.6	646.3	5	1	1
1	18	1861125	1861195	298.7097	346.8	464.8	645.6	754.9	716.8	5	1	1
1	19	1861441	1861471	95.9513	213.6	752.2	717.6	813.4	791.5	5	1	1
1	20	1861603	1861685	296.7284	349.5	806.5	781.7	510.3	799.4	5	1	1
1	21	1862031	1862093	215.9004	389.9	490.3	786.9	499.6	571.2	5	1	1
1	22	1862249	1862309	179.6218	389.1	501.8	551.7	504.6	372.1	5	1	1
1	23	1862433	1862497	156.8159	289.1	501.1	345.3	471	191.4	5	1	1
1	24	1862741	1862785	121.9049	265.6	464.3	173	344.2	193.9	5	1	1
1	25	1863063	1863111	127.0816	265.2	347	191	261.7	285.2	5	1	1
1	26	1863351	1863431	257.1532	355.7	256.5	278.3	512.2	305.6	5	1	1
1	27	1863899	1863969	254.8697	371.5	525.1	310.1	515.8	564.8	5	1	1
1	28	1864127	1864175	197.3295	332.5	514	577.5	421.3	751.7	5	1	1
1	29	1864397	1864465	274.4573	353.6	419.2	746.2	693.3	760.2	5	1	1
1	30	1864659	1864691	82.2494	183.2	695.2	757.4	777.2	763.8	5	1	1
1	31	1864803	1864855	252.7494	373.4	769.7	765.6	524.2	705.5	5	1	1
1	32	1865195	1865227	95.6394	251.7	512.8	692.5	478.3	603.3	5	1	1
1	33	1865535	1865579	119.0214	226.2	479	615.3	509.3	500.2	5	1	1
1	34	1865793	1865841	164.2171	261.8	509.3	501	473.2	340.8	5	1	1
1	35	1865979	1866023	111.9143	214.6	471.1	344.7	419.1	245.6	5	1	1
2	1	1887207	1887243	113.7712	233.6	506	349.6	404.2	298.8	5	1	1
2	2	1887601	1887675	298.2969	343.2	410.5	302.4	698.9	378.6	5	1	1
2	3	1887977	1888051	235.3479	328.5	699.2	372.7	464.1	361.9	5	1	1
2	4	1888215	1888257	114.4965	234.6	450.6	357.3	361.9	284.9	5	1	1
2	5	1888547	1888613	250.0741	314.2	361.9	293.3	607.8	247.8	5	1	1
2	6	1888783	1888821	97.1808	200.2	603.5	245.8	699.2	228.9	5	1	1
2	7	1889047	1889073	67.3167	174.4	685.8	226.7	623.5	201.2	5	1	1
2	8	1889285	1889339	213.5769	297.4	627.1	206.7	414.3	224.9	5	1	1
2	9	1889533	1889571	118.8214	276.7	419.3	219.1	306	254.9	5	1	1
2	10	1889977	1890033	183.4276	277.1	318.8	262.8	475.1	358.8	5	1	1
2	11	1890149	1890213	247.8011	348.5	469.1	349.9	690.7	460.8	5	1	1
2	12	1890623	1890669	178.7889	321.1	688.8	463.9	576.6	603.1	5	1	1
2	13	1890899	1890961	175.4728	320.2	580.3	601.2	451.9	720.8	5	1	1
2	14	1891249	1891315	270.1624	332.7	437.5	722.6	655.7	563.3	5	1	1
2	15	1891435	1891521	303.0387	411	653.5	553.3	420.2	359.9	5	1	1
2	16	1891651	1891705	119.4743	286.1	405.9	349.5	287	361.2	5	1	1
2	17	1891917	1891955	94.7478	240.3	275.7	355.3	205.2	418.6	5	1	1
2	18	1892243	1892285	66.0793	184.8	207.7	407.4	153.5	369.6	5	1	1
2	19	1892359	1892427	184.7509	329.6	149.6	377.1	246.5	219.8	5	1	1
2	20	1892621	1892713	462.2232	419	250.8	212.4	712.1	183.2	5	1	1
2	21	1892935	1892963	67.6036	156.7	706.9	182	761.4	142	5	1	1
2	22	1893175	1893197	58.0124	150.7	746.5	141.8	692.5	120.6	5	1	1
2	23	1893403	1893433	73.1175	167.1	695.3	121.8	768.4	120.2	5	1	1
2	24	1893821	1893925	323.4107	712.5	751.5	122.9	518.8	347.5	5	1	1
2	25	1894183	1894233	138.4835	334.6	524.6	310	477.7	440.3	5	1	1
2	26	1894499	1894539	126.5301	280.6	470.1	427.7	365.3	356.8	5	1	1
2	27	1894813	1894865	163.302	255.2	368.4	360.8	531.7	361.6	5	1	1
2	28	1894963	1895027	234.5729	307.8	522.5	360.1	304.3	274	5	1	1
2	29	1895131	1895177	147.1954	223.5	307.3	267.3	272	124.4	5	1	1
2	30	1895591	1895629	112.7071	211.5	262	127.8	156	166.1	5	1	1
2	31	1895925	1895983	252.4513	382.2	167.6	160.3	417.5	196.1	5	1	1
2	32	1896139	1896227	316.3732	479.4	414.4	200.2	629.5	432.2	5	1	1
2	33	1896391	1896449	167.0259	389.4	635.8	446.6	516.6	563.6	5	1	1
2	34	1896765	1896825	136.4003	313.4	501.7	550.2	420.1	440.9	5	1	1
2	35	1896981	1897013	103.9956	229.9	409.7	423.8	333.9	352.6	5	1	1
3	1	1907461	1907509	146.9199	314.9	512.4	378.9	441.9	507.8	5	1	1
3	2	1907669	1907711	129.5986	242.2	433.4	497.4	561.7	515.7	5	1	1
3	3	1907933	1907965	86.848	213.8	552.2	513.4	596.5	588.1	5	1	1
3	4	1908135	1908187	175.8	287.9	590.7	582.5	414.9	582.5	5	1	1
3	5	1908367	1908413	162.1111	283.1	417.9	585.5	315.9	459.5	5	1	1
3	6	1908683	1908727	126.4489	260.2	317.1	459.4	433.5	508.8	5	1	1
3	7	1908903	1908951	169.5553	309.5	427.4	506.4	596.7	515.7	5	1	1
3	8	1909227	1909281	126.6611	289.4	594.1	517.4	480.1	572.6	5	1	1
3	9	1909507	1909563	141.1931	292.9	469.3	571	608.8	592.8	5	1	1
3	10	1909839	1909895	129.3509	292.9	619.6	601.4	493.8	631.5	5	1	1
3	11	1910269	1910353	317.5205	315.8	477.8	624.9	265.6	388.7	5	1	1
3	12	1910535	1910583	148.0562	277.5	266.1	382.8	362	270	5	1	1
3	13	1910807	1910893	338.939	347.1	354.6	269	667.7	398.8	5	1	1
3	14	1911125	1911171	187.966	377	674	395	566.8	549.4	5	1	1
3	15	1911427	1911475	125.5717	294	569.2	547	477.7	633	5	1	1
3	16	1911669	1911709	123.9784	284.1	471.4	619.9	555.6	710.9	5	1	1
3	17	1911883	1911927	153.6498	296.1	551.1	695.3	702.8	670.9	5	1	1
3	18	1912043	1912099	246.1671	469.4	693.4	671.6	486.9	537.6	5	1	1
3	19	1912521	1912563	103.1547	277.6	490.3	527	390	551.1	5	1	1
3	20	1912769	1912799	92.9568	243	391.7	547.4	454.1	616.3	5	1	1
3	21	1913025	1913073	168.5024	345.5	447.2	619.4	606.3	674.9	5	1	1
3	22	1913221	1913265	169.2789	293.7	601.5	671.8	767.1	636.7	5	1	1
3	23	1913519	1913565	147.7504	372.8	757.9	627.8	628	557.4	5	1	1
3	24	1913825	1913849	48.1627	155.7	626.5	564.9	672.3	579.8	5	1	1
3	25	1914223	1914277	232.7819	382.9	660.7	575.3	428.1	584.5	5	1	1
3	26	1914505	1914537	52.669	190	428.8	581.7	380.9	559.8	5	1	1
3	27	1914819	1914855	130.22	289.3	384.1	560.7	488.3	638.8	5	1	1
3	28	1915081	1915141	146.0884	340.7	476.5	627.3	579.7	730.7	5	1	1
3	29	1915411	1915459	174.4672	274.6	588	742.8	748.5	811.2	5	1	1
3	30	1915671	1915731	161.1543	390.8	742.1	814.5	633.1	695.8	5	1	1
3	31	1915971	1916013	156.7466	312.8	621.7	677.7	479.9	610.9	5	1	1
3	32	1916327	1916387	212.0849	325.4	485.3	611.5	697.3	605.5	5	1	1
3	33	1916547	1916585	105.1457	256.6	693.7	610.4	731.8	512.4	5	1	1
3	34	1916773	1916815	157.8173	319.1	730	521.1	600.5	611.3	5	1	1
4	1	1930033	1930073	117.9916	217.7	508.3	377.3	625.7	389.1	5	1	1
4	2	1930223	1930265	126.5225	239.9	616	385.4	560.5	271.7	5	1	1
4	3	1930423	1930471	139.9332	230.4	560.1	276	685.3	213.5	5	1	1
4	4	1930729	1930751	45.7319	113.4	678.9	213.1	652.3	175.9	5	1	1
4	5	1930917	1931019	347.5128	307.6	645.1	172.8	300.5	217.7	5	1	1
4	6	1931163	1931199	107.8134	220.1	280.9	215.7	174.5	198.3	5	1	1
4	7	1931485	1931543	233.0775	318.9	185.6	198.9	408.9	265.7	5	1	1
4	8	1931705	1931749	140.2284	297.4	406.8	271.1	494.4	380.6	5	1	1
4	9	1932009	1932035	58.6409	182	498.4	377.2	441	389.2	5	1	1
4	10	1932179	1932227	164.9949	275.3	451.6	384.9	501.4	227.6	5	1	1
4	11	1932351	1932377	84.7286	220.1	497.4	237	571.1	195.2	5	1	1
4	12	1932781	1932843	216.7408	385.1	571.9	182.1	387.5	296	5	1	1
4	13	1932987	1933043	151.6023	344.9	373.7	297	524.7	283.5	5	1	1
4	14	1933365	1933395	77.9108	221.5	536.3	290	486.6	350	5	1	1
4	15	1933609	1933661	134.2187	340.8	494.9	345.1	625.7	375.2	5	1	1
4	16	1933789	1933835	133.2439	301.5	635.7	380.2	601.2	251.5	5	1	1
4	17	1934029	1934063	99.3589	243.2	599.6	255.5	534.2	330.3	5	1	1
4	18	1934325	1934361	97.2479	204.7	538.6	319	584	233	5	1	1
4	19	1934481	1934541	192.2239	283	577.1	243.5	763	194.6	5	1	1
4	20	1934775	1934845	228.9978	404.6	757.3	191.7	637.4	386.8	5	1	1
4	21	1935053	1935089	100.5698	223.8	631.8	401	730.8	418.7	5	1	1
4	22	1935431	1935467	99.4967	206.9	718.3	415.4	810.5	378	5	1	1
4	23	1935625	1935675	199.6902	379.3	800.4	380.5	660	522.5	5	1	1
4	24	1935915	1935975	156.9243	336.4	652.1	516.3	497.1	491.8	5	1	1
4	25	1936207	1936261	163.9103	314.1	484	481	368.8	597.6	5	1	1
4	26	1936423	1936461	134.6535	318.6	361.5	595	334.9	727	5	1	1
4	27	1936687	1936743	155.1911	365.6	328.4	717.5	337.9	562.6	5	1	1
4	28	1936975	1937025	188.3514	383.6	340.6	555.2	329.1	743.2	5	1	1
4	29	1937463	1937497	107.5782	220.1	324	741.7	328.1	634.2	5	1	1
4	30	1937783	1937825	143.3955	246.3	321.5	635.9	330.7	492.8	5	1	1
4	31	1937961	1938013	179.0133	326.3	329.7	498.6	414.6	341	5	1	1
4	32	1938381	1938427	128.1921	247.1	408.8	338.4	312.4	422.9	5	1	1
4	33	1938675	1938703	65.0533	174.7	313.3	414.9	300.1	351.2	5	1	1
4	34	1938869	1938907	116.9027	238.2	303.1	364.5	416.6	336.5	5	1	1
4	35	1939215	1939237	46.631	142.5	411.4	331.9	454.5	349.7	5	1	1
4	36	1939521	1939553	92.1797	210.6	445.7	345.8	460.4	436.8	5	1	1
5	1	1953613	1953673	165.5293	324.8	538.5	395.8	484	552.1	5	1	1
5	2	1953777	1953817	129.9034	273.4	479.9	559.7	609.1	546.2	5	1	1
5	3	1954057	1954119	290.4744	400.2	599.1	539.5	534.5	256.3	5	1	1
5	4	1954231	1954277	131.4439	193.3	526.5	251.9	408.3	194.4	5	1	1
5	5	1954511	1954563	156.5203	229.1	406.6	192.1	560.1	161.5	5	1	1
5	6	1954785	1954821	91.6003	189.7	554.8	159.4	645.4	172.9	5	1	1
5	7	1954949	1955003	204.9108	289.4	637.3	171.8	432.4	173.9	5	1	1
5	8	1955503	1955631	251.0382	292.5	423.5	176.9	590.2	364.6	5	1	1
5	9	1955815	1955871	247.7108	377.3	596.8	331.1	516.4	565.4	5	1	1
5	10	1956087	1956125	124.2246	254.4	513	558.3	390	540.9	5	1	1
5	11	1956343	1956389	193.55	332.4	397.4	540.7	434.3	350.7	5	1	1
5	12	1956563	1956615	143.3293	209	430.1	353.7	537.6	258.9	5	1	1
5	13	1956829	1956875	125.2366	207.3	530.4	258.9	429	185.4	5	1	1
5	14	1957283	1957351	238.4978	294.5	430.8	182.3	664.8	228.4	5	1	1
5	15	1957583	1957749	82.5831	554.8	658.9	231.7	669.5	313.6	5	1	1
5	16	1958001	1958081	267.8321	338.9	667.8	294.4	401.1	269.8	5	1	1
5	17	1958523	1958585	359.349	445.7	383.3	268.1	468.1	617.3	5	1	1
5	18	1958851	1958893	117.811	196.4	471.2	624.7	577.4	573.7	5	1	1
5	19	1959189	1959223	86.2947	195.8	570.1	571.5	650	538.9	5	1	1
5	20	1959405	1959463	165.8826	360.8	639.1	544.1	563.2	396.6	5	1	1
5	21	1959581	1959633	203.0193	343.3	555.6	390.9	457.6	213.1	5	1	1
5	22	1960105	1960169	307.9329	323	452.5	218.1	477.7	525	5	1	1
5	23	1960515	1960581	330.1536	412	480.7	533.2	463.4	203.5	5	1	1
5	24	1960881	1960917	102.3821	196.8	451.3	196.9	553.6	192.8	5	1	1
5	25	1961129	1961173	175.0312	270.6	545.7	191	718	221.8	5	1	1
5	26	1961311	1961385	413.6713	399.2	725.9	234.1	504.6	583.6	5	1	1
5	27	1961519	1961577	172.5466	341.2	500.3	581.3	348.7	663.7	5	1	1
5	28	1961861	1961907	149.4905	283.7	334.5	659.8	482.7	679.4	5	1	1
5	29	1962111	1962147	115.9289	252.5	477.7	683.1	582.1	733.5	5	1	1
5	30	1962273	1962317	163.4058	317.4	575.4	736.8	700.1	842.4	5	1	1
5	31	1962541	1962601	194.0467	430.6	697.7	836.5	611.4	662.7	5	1	1
5	32	1962753	1962835	261.6707	329.8	604	645.1	342.6	657	5	1	1
6	1	1987455	1987519	215.8937	343.9	461.1	254.4	445.1	469.7	5	1	1
6	2	1987719	1987771	166.4426	315.9	444	490.5	343.4	357.9	5	1	1
6	3	1988013	1988055	145.3013	287.1	343.9	365.7	489.2	365.1	5	1	1
6	4	1988195	1988233	101.3438	217.8	480.4	365.6	410	292.7	5	1	1
6	5	1988377	1988425	138.0658	242.1	415.8	303.8	293.1	367.1	5	1	1
6	6	1988575	1988655	336.9487	456.3	300.1	359.5	524	611.3	5	1	1
6	7	1988837	1988903	188.3487	363.6	535.9	625.7	405.7	761.8	5	1	1
6	8	1989089	1989157	212.8843	357.7	394	767.5	541.4	613.9	5	1	1
6	9	1989267	1989333	214.6468	422.1	549.1	603.2	412.9	437.3	5	1	1
6	10	1989469	1989521	143.9436	286.3	403.6	425.3	336.6	297.9	5	1	1
6	11	1989733	1989779	69.0334	216.1	335.9	295.9	267.9	307.8	5	1	1
6	12	1990041	1990075	74.4097	214.4	259.2	304.5	318	350.1	5	1	1
6	13	1990587	1990841	220.0035	449.3	318.4	357.9	389.2	566.2	5	1	1
6	14	1991009	1991069	152.1842	374.7	389	534.4	329.1	394.5	5	1	1
6	15	1991489	1991555	330.2963	458.4	318	376.9	371.1	702.9	5	1	1
6	16	1991797	1991859	174.1848	306.7	373.7	712	534.4	644.8	5	1	1
6	17	1992059	1992125	207.8773	375.7	548.7	650.9	432.4	478.6	5	1	1
6	18	1992303	1992345	140.1452	288.8	421.7	463	343.8	346.5	5	1	1
6	19	1992681	1992733	177.1861	315.9	346.6	350.4	509.2	280	5	1	1
6	20	1992945	1992991	128.7865	229.3	506.1	279.7	618.2	216.3	5	1	1
6	21	1993225	1993267	121.2119	208.8	606.3	220.7	721.5	183	5	1	1
6	22	1993651	1993757	535.0555	407.6	706.2	182.8	184.5	301.6	5	1	1
6	23	1993979	1994025	80.187	217.7	185	300.6	107	282	5	1	1
6	24	1994279	1994323	154.2422	322.8	96	274.6	244.3	317	5	1	1
6	25	1994587	1994671	419.9469	419.4	240.8	313.4	591.9	543.8	5	1	1
6	26	1994851	1994881	108.8175	316.9	596.9	553.3	653.4	646.3	5	1	1
6	27	1995115	1995151	69.5162	239.6	648	638	607.5	581.5	5	1	1
6	28	1995431	1995451	33.1846	112.1	610.2	586.7	641.1	598.8	5	1	1
6	29	1995565	1995629	268.5622	340.1	629.6	595.2	894.5	639.4	5	1	1
6	30	1995901	1995935	60.3003	169	885.9	626	925.7	671.3	5	1	1
6	31	1996001	1996073	277.1156	402.9	920.1	655.3	645.7	616.6	5	1	1
6	32	1996293	1996301	12.3329	70.5	630.8	608.3	643.1	607.4	5	1	1
6	33	1996895	1996913	30.6663	109.4	635.5	604.4	610.6	586.5	5	1	1
7	1	2038955	2038993	71.3224	200.4	512.4	368.4	443.6	387.2	5	1	1
7	2	2039141	2039189	160.4764	336.3	448	381.1	349	507.4	5	1	1
7	3	2039345	2039389	139.7771	266.4	345.9	498.4	418.9	379.2	5	1	1
7	4	2039639	2039691	193.9805	372	417.2	394.7	341.5	573.3	5	1	1
7	5	2040071	2040151	293.6454	387.7	332.9	570.5	625.1	541.4	5	1	1
7	6	2040567	2040615	203.1467	352.9	636.9	539	443.9	602.4	5	1	1
7	7	2040853	2040891	117.8353	270	443.2	603.5	387.8	499.5	5	1	1
7	8	2041077	2041115	94.6295	233.1	388.1	510.6	332.4	434.1	5	1	1
7	9	2041209	2041257	166.2552	295.9	332.1	439.1	382.6	280.7	5	1	1
7	10	2041461	2041535	337.288	411.2	377.8	282.6	254.9	596.7	5	1	1
7	11	2041763	2041823	179.5252	330.1	253.4	609	430.6	580.2	5	1	1
7	12	2041939	2041997	135.8082	280.7	441	588.6	315.5	640.5	5	1	1
7	13	2042213	2042259	81.43	231	303.1	639	225.7	664.3	5	1	1
7	14	2042623	2042717	340.5677	336.9	211.1	658	531.7	543.1	5	1	1
7	15	2043211	2043243	89.873	242.5	543.8	543.4	454.2	550.4	5	1	1
7	16	2043399	2043435	119.3786	264.5	466.9	545.7	347.9	536.2	5	1	1
7	17	2043691	2043745	166.6903	283.7	360.2	544.5	234	653.4	5	1	1
7	18	2043921	2043955	94.8356	210	226	632.3	148.6	687.1	5	1	1
7	19	2044173	2044213	155.369	316.6	161.3	683.5	310.8	641.2	5	1	1
7	20	2044379	2044413	147.6458	322.5	303.2	648.6	402.9	539.7	5	1	1
7	21	2044673	2044701	65.7647	187.7	403.9	533.9	469.1	525.3	5	1	1
7	22	2045153	2045205	189.7437	322.5	452.6	516.9	635.5	466.4	5	1	1
7	23	2045399	2045445	163.769	307.1	629.1	469.5	779.2	535	5	1	1
7	24	2045713	2045763	217.3315	381.4	774.7	535.5	858.8	735.9	5	1	1
7	25	2045831	2045837	10.6607	65.3	861.4	727.8	864.5	717.6	5	1	1
7	26	2045999	2046013	6.1684	73.4	859.8	721.2	861.6	727.1	5	1	1
7	27	2046051	2046095	94.8871	201.6	860.8	727.2	916.8	803.8	5	1	1
7	28	2046289	2046421	281.4597	424.7	914.2	792.7	643	868	5	1	1
7	29	2047239	2047251	29.285	119.2	833	1131.3	851	1154.4	5	1	1
7	30	2047425	2047535	449.4684	263.5	846.2	1161.8	451	947.7	5	1	1
7	31	2047609	2047693	514.9094	681.8	431.4	875.2	374	363.5	5	1	1
7	32	2047881	2047929	142.1001	269.3	369.1	338	454.2	224.2	5	1	1
7	33	2048123	2048143	51.9401	150.7	447	224.6	415.9	183	5	1	1
7	34	2048457	2048479	49.003	138.6	413.5	175.5	378.7	141	5	1	1
7	35	2048655	2048695	135.6204	263.2	380.3	142.8	248.2	173.5	5	1	1
8	1	2067791	2067833	134.6	266.7	511.5	374.3	376.9	374.2	5	1	1
8	2	2067995	2068059	243.6362	309.3	385.2	374.2	628.8	378.4	5	1	1
8	3	2068223	2068275	178.2773	285	624.2	380.7	448.8	412.6	5	1	1
8	4	2068411	2068463	185.2728	286	454	408.8	272.9	447.9	5	1	1
8	5	2068759	2068819	307.6478	407.2	277.4	447	488.6	670.7	5	1	1
8	6	2069079	2069141	201.6191	390.2	494.6	682.2	469.1	882.2	5	1	1
8	7	2069325	2069381	235.7003	343.8	469.5	902.8	610.6	714	5	1	1
8	8	2069581	2069645	220.0757	470	604.2	714.4	624.9	495.3	5	1	1
8	9	2069779	2069821	108.5995	233.6	621.7	478.5	678.6	386	5	1	1
8	10	2070029	2070073	126.9441	224	670.9	388.2	782.5	327.7	5	1	1
8	11	2070373	2070405	83.623	192.6	766.9	329.5	775.3	246.3	5	1	1
8	12	2070621	2070687	171.3168	307.4	769.3	256.7	598.9	239	5	1	1
8	13	2070989	2071053	147.2156	287.1	588.6	229.3	445.2	262.6	5	1	1
8	14	2071263	2071303	121.5409	244.4	433.5	267.8	319.3	226.2	5	1	1
8	15	2071557	2071605	168.4676	288.3	323.6	219.4	490.9	199.6	5	1	1
8	16	2071883	2071925	136.1009	254	487	198.6	350.9	198.1	5	1	1
8	17	2072289	2072325	102.3408	252.4	359	202.1	453.2	242.1	5	1	1
8	18	2072473	2072523	137.2165	287.2	447.9	236.4	426.9	372	5	1	1
8	19	2072853	2072899	115.2417	219.7	422.8	375.1	332.5	303.5	5	1	1
8	20	2073085	2073123	106.1856	211.6	332.4	296.2	360.5	193.8	5	1	1
8	21	2073305	2073359	188.3026	215.9	358.3	205.5	544.7	178.8	5	1	1
8	22	2073643	2073669	61.5783	173.6	531.2	174	588.2	197.3	5	1	1
8	23	2073851	2073915	149.7081	274.8	577.6	202.3	436	250.9	5	1	1
8	24	2074065	2074109	137.2754	272	423.6	254.1	287	267.7	5	1	1
8	25	2074425	2074465	120.5001	247.3	301.6	256.4	421.8	247.9	5	1	1
8	26	2074899	2074931	91.1353	214.3	412.2	246.5	351.3	314.3	5	1	1
8	27	2075197	2075231	90.6168	202.4	361.6	305.6	281.2	347.4	5	1	1
8	28	2075505	2075547	121.7311	247.3	295.8	337.5	416.7	323.3	5	1	1
8	29	2075775	2075921	60.0281	614.1	401.2	326.9	458.8	343.8	5	1	1
8	30	2076221	2076251	79.0009	195.4	464.8	323.2	475.3	401.5	5	1	1
8	31	2076481	2076531	141.1531	218.7	473.2	377.4	334	400.8	5	1	1
8	32	2076817	2076853	100.9767	228	338.1	397.6	438.6	407.4	5	1	1
8	33	2077105	2077139	103.9289	271.5	428.8	402.2	325.7	389.1	5	1	1
8	34	2077359	2077447	433.134	461.1	338.6	391.8	398.3	820.8	5	1	1
9	1	2087691	2087735	147.683	253.6	510.8	377.7	367.3	412.6	5	1	1
9	2	2087919	2087953	98.6165	213.5	373.8	409.3	278.7	383.2	5	1	1
9	3	2088113	2088175	225.0052	311.7	282.6	386.6	506.9	368.8	5	1	1
9	4	2088355	2088411	219.3063	307	504.5	369.5	722.7	391.5	5	1	1
9	5	2088665	2088735	297.3017	348.6	717.6	387.7	427.9	320.9	5	1	1
9	6	2088941	2088997	142.7775	326.6	424.3	315	283.8	340.4	5	1	1
9	7	2089277	2089327	173.9	307.3	270.1	333.5	413	432.6	5	1	1
9	8	2089531	2089585	197.8202	352.7	412.5	433.3	498.6	611.4	5	1	1
9	9	2089731	2089769	132.9801	298.8	506.1	613.7	574.4	727.8	5	1	1
9	10	2089965	2090039	363.2771	381.3	570.8	712.2	370.7	409	5	1	1
9	11	2090199	2090237	128.4662	275.3	367.2	396	241.8	368.1	5	1	1
9	12	2090561	2090593	76.9415	154.8	244.4	367.7	168.4	379.7	5	1	1
9	13	2090803	2090865	287.1919	386.1	179.9	380.7	465	346.1	5	1	1
9	14	2091171	2091233	163.7018	311.6	461.8	345	299.3	364.8	5	1	1
9	15	2091507	2091561	213.4761	352	284	358.5	495.4	328.8	5	1	1
9	16	2091637	2091797	71.5137	338.5	487	333.2	540.9	380.2	5	1	1
9	17	2092029	2092077	175.8411	292.1	545.3	357.3	369.5	353.5	5	1	1
9	18	2092397	2092449	104.6412	239.9	371.2	342.2	266.8	349.3	5	1	1
9	19	2092617	2092665	210.2014	350.2	257.8	343.8	467.8	334.6	5	1	1
9	20	2092889	2092925	105.9428	244	465.6	336.2	569.4	357.4	5	1	1
9	21	2093631	2093685	211.0921	302.5	554.2	342.8	343.7	358.6	5	1	1
9	22	2093905	2093941	104.2145	224.2	347.9	349.6	245	366.1	5	1	1
9	23	2094195	2094259	246.3276	325.6	253.8	362.7	499.8	350	5	1	1
9	24	2094487	2094527	109.0101	201.5	495.7	347.8	604.6	342.9	5	1	1
9	25	2094795	2094825	104.864	225.9	592	339.1	493.4	303.4	5	1	1
9	26	2095217	2095239	61.6263	173.4	490.3	302.2	551.9	300.4	5	1	1
9	27	2095351	2095501	64.9268	434.4	552.6	301.9	605.1	340.1	5	1	1
9	28	2095727	2095757	114.7455	278.2	608.1	321	497.4	290.8	5	1	1
9	29	2096107	2096139	72.0556	181.6	484.3	283.3	524.2	343.3	5	1	1
9	30	2096273	2096351	254.5248	334	521.1	328.9	271.2	377.2	5	1	1
9	31	2096671	2096723	192.5885	318.8	256.2	370.4	433.5	445.6	5	1	1
9	32	2096903	2096945	135.4644	273.5	434.1	448.4	533.9	540	5	1	1
9	33	2097203	2097245	97.5	197.9	532.5	526.2	593.7	450.3	5	1	1
9	34	2097365	2097407	131.7612	269	591.4	455.5	556.3	328.5	5	1	1
10	1	2107859	2107905	147.3014	274.7	508.4	369.2	361.3	376.9	5	1	1
10	2	2108123	2108187	218.8872	254.5	363.4	374.5	576.5	324.5	5	1	1
10	3	2108377	2108425	143.541	236.1	570.8	323.2	439.9	264.3	5	1	1
10	4	2108557	2108589	114.0371	236.5	445.7	267.3	339.6	225.5	5	1	1
10	5	2108927	2109015	400.5929	374.7	330	216.9	704.2	359.9	5	1	1
10	6	2109273	2109337	185.194	321.2	710.6	361.3	526.5	381.4	5	1	1
10	7	2109483	2109531	174.4798	318.5	512.7	380.4	339.1	397.9	5	1	1
10	8	2109903	2109945	130.1189	273.6	342.4	392.1	464.6	436.8	5	1	1
10	9	2110025	2110171	95.7004	704.9	456.5	437.1	506.5	518.7	5	1	1
10	10	2110369	2110427	157.85	352.5	509	484.6	488.4	328.1	5	1	1
10	11	2110633	2110657	62.2357	168.1	488.1	319.3	531.3	274.5	5	1	1
10	12	2111101	2111143	134.7733	273.3	532.2	257.7	559.4	389.7	5	1	1
10	13	2111493	2111533	112.9585	221.7	560.1	382.4	574	270.3	5	1	1
10	14	2111657	2111699	108.2045	193.2	572.2	284.8	556.1	177.8	5	1	1
10	15	2111935	2112013	326.6431	339.9	557.4	185.2	335.5	424.9	5	1	1
10	16	2112257	2112295	125.0921	285.6	330.2	411.3	234.2	331.1	5	1	1
10	17	2112511	2112553	131.5479	250.4	239.9	337.5	284.1	213.6	5	1	1
10	18	2112765	2112827	236.1303	306.2	275	217.5	509.5	189.8	5	1	1
10	19	2113005	2113047	132.8428	260	502.4	189.8	630.3	225.7	5	1	1
10	20	2113241	2113317	326.1692	441.5	623.3	226.2	522.8	536.5	5	1	1
10	21	2113543	2113593	193.1293	322	520.8	551.3	704.6	492	5	1	1
10	22	2113867	2113931	212.8522	404.5	697.7	491.9	609.9	298	5	1	1
10	23	2114069	2114113	131.9591	238	602.5	281.5	516.4	181.5	5	1	1
10	24	2114419	2114475	199.9175	335.2	520.2	183.8	410.3	350.8	5	1	1
10	25	2114653	2114709	132.0959	279.2	406	345.6	536.2	367.9	5	1	1
10	26	2114883	2114939	206.0596	312.8	544.9	370.6	478.3	175.6	5	1	1
10	27	2115153	2115197	90.0805	198.4	479.1	182.1	389.2	187.8	5	1	1
10	28	2115305	2115371	185.2087	366.6	391.8	180.5	348.6	360.6	5	1	1
10	29	2115523	2115593	254.7655	393.8	343.8	376.6	597	404.8	5	1	1
10	30	2115719	2115773	210.0941	349.4	606.6	410.4	810.9	459.4	5	1	1
10	31	2116109	2116129	37.8054	117.4	803.1	448.3	834.8	468.9	5	1	1
10	32	2116305	2116355	199.2434	325.9	824.1	467.7	626.6	441.4	5	1	1
10	33	2116555	2116623	292.1468	373.5	628.5	440.1	338.1	408.2	5	1	1
10	34	2116893	2116927	104.9881	245.7	339	394.8	234.1	390.5	5	1	1
10	35	2117227	2117265	99.2021	162.4	242.9	386.2	143.8	390.7	5	1	1
11	1	2150759	2150787	63.879	176.2	521.7	378.5	479.1	330.9	5	1	1
11	2	2150899	2150969	238.4996	381.7	491	343.5	328.1	517.7	5	1	1
11	3	2151247	2151323	324.7511	375.2	315.6	524.3	602.9	372.9	5	1	1
11	4	2151531	2151583	175.1034	295.4	600	368.9	435.1	310	5	1	1
11	5	2151741	2151811	268.1386	418.1	441.6	307.5	304.1	537.7	5	1	1
11	6	2151987	2152037	193.9833	403.3	296.4	546.7	270.9	739	5	1	1
11	7	2152323	2152351	67.9547	174.3	266.2	749.8	333.4	739.7	5	1	1
11	8	2152725	2152775	87.7931	223.2	320.8	742.6	237.9	771.5	5	1	1
11	9	2153031	2153075	149.553	306.7	232.7	774.3	354.2	687.1	5	1	1
11	10	2153475	2153507	81.9766	196.5	345.6	692.4	309.5	766	5	1	1
11	11	2153795	2153827	90.6299	207.9	313.6	764.1	233.5	806.5	5	1	1
11	12	2154097	2154131	117.4044	287.4	247.9	806.2	329.2	721.5	5	1	1
11	13	2154743	2154789	120.9841	262.3	321.8	743	252.4	842.1	5	1	1
11	14	2155045	2155087	132.9045	269	246.7	829.8	369.8	779.7	5	1	1
11	15	2155421	2155507	428.1677	388.5	359.4	783.1	769.4	659.7	5	1	1
11	16	2155723	2155759	109.5691	232	760.7	646.3	865.4	614	5	1	1
11	17	2156043	2156065	41.5471	113.6	853.6	604.1	888.2	627.1	5	1	1
11	18	2156179	2156291	557.8852	433.6	875.7	618.7	330.2	735.6	5	1	1
11	19	2156597	2156619	43.4839	138	316	742.4	357.1	756.6	5	1	1
11	20	2156921	2156995	385.852	438.3	342.7	747.5	639.3	500.7	5	1	1
11	21	2157133	2157193	147.6489	370.9	636.3	506.7	520.5	415.1	5	1	1
11	22	2157347	2157391	171.9093	350.7	506.5	397.4	339.7	355.8	5	1	1
11	23	2157607	2157655	180.5244	323	345.9	350	515	286.8	5	1	1
11	24	2157775	2157853	391.4971	461.6	507.5	283.9	306.4	619.8	5	1	1
11	25	2158049	2158121	254.9135	407.2	298.4	618.9	456.2	418.7	5	1	1
11	26	2158271	2158315	153.58	318.5	461.3	416.2	512.2	271.3	5	1	1
11	27	2158465	2158531	207.4555	370.3	508	281.6	300.6	286.4	5	1	1
11	28	2158833	2158885	200.7016	401.4	279.7	285.2	280.5	485.9	5	1	1
11	29	2158999	2159051	201.0605	339.8	275.1	477.5	339.7	287.1	5	1	1
11	30	2159347	2159391	160.9692	284.1	332.4	294	491.6	270.2	5	1	1
11	31	2159689	2159767	275.2018	352.5	484.6	269.8	209.4	268.8	5	1	1
11	32	2160031	2160059	65.7882	163.8	188.7	264.8	125.2	247.6	5	1	1
11	33	2160319	2160461	245.8283	366.6	133.1	254.3	375.4	295.8	5	1	1
12	1	2170319	2170361	98.7276	237	534.9	306	436.4	299.3	5	1	1
12	2	2170589	2170643	228.5203	356.1	441.8	296.8	660.4	363.4	5	1	1
12	3	2170859	2170905	154.674	300.1	658.1	367.2	503.9	355.1	5	1	1
12	4	2170989	2171055	194.2269	353.9	512.2	358.2	319.4	381.7	5	1	1
12	5	2171179	2171215	107.0414	243.3	307.1	384.3	220.2	321.8	5	1	1
12	6	2171667	2171691	55.5556	154.8	221.9	324.5	277	317.4	5	1	1
12	7	2172163	2172181	30.7319	108.1	271.4	318.5	302.1	319.9	5	1	1
12	8	2172449	2172529	303.9606	321.4	295.9	320.5	565.7	460.5	5	1	1
12	9	2172679	2172713	124.5942	287.4	565.5	455.1	510.1	566.7	5	1	1
12	10	2172991	2173027	109.1774	260.3	516.5	555.3	610.4	611	5	1	1
12	11	2173231	2173275	141.3494	322.4	601.1	611.8	496.8	516.4	5	1	1
12	12	2173493	2173529	112.3994	279.6	502.5	525.7	465.4	419.6	5	1	1
12	13	2173735	2173813	310.414	382.4	469	428.1	776.8	387.9	5	1	1
12	14	2173987	2174051	178.627	353.4	766.1	392.2	588.2	376.1	5	1	1
12	15	2174341	2174371	73.0175	211.4	575.8	366.7	507.8	340.1	5	1	1
12	16	2174651	2174689	117.6721	250.7	515.4	347.4	632.2	333.1	5	1	1
12	17	2175075	2175117	122.377	240.9	617.9	332.1	739.2	348.3	5	1	1
12	18	2175255	2175311	132.3363	335.5	723.7	345.3	591.4	348.4	5	1	1
12	19	2175475	2175639	38.6747	586	575	350.8	590.8	386.1	5	1	1
12	20	2175891	2175931	83.3406	243.3	591.3	351.7	674.6	349.1	5	1	1
12	21	2176147	2176193	127.857	294.3	667.5	345.9	540.1	356.7	5	1	1
12	22	2176499	2176521	46.063	152.7	537.3	349.6	496.1	329	5	1	1
12	23	2176929	2176991	191.3642	266.8	506.8	329.9	697.8	318.1	5	1	1
12	24	2177165	2177205	141.8186	261	689.4	322.1	831.2	324.4	5	1	1
12	25	2177405	2177465	156.4026	341.3	819.3	327.1	662.9	328	5	1	1
12	26	2177775	2177815	102.6591	257.1	653	328	569.7	388	5	1	1
12	27	2178009	2178093	288.5364	411	572.7	381.3	294.6	458.2	5	1	1
12	28	2178401	2178437	127.3066	263.6	281.8	448.9	211.9	342.5	5	1	1
12	29	2178717	2178745	69.3804	207.3	210.6	341.7	276.4	319.7	5	1	1
12	30	2178985	2179027	54.2498	195.8	262.7	318.5	208.7	323.7	5	1	1
12	31	2179297	2179317	35.5508	122.8	201.6	321.3	237.1	319.4	5	1	1
12	32	2179879	2179901	39.5577	114.6	231.4	320.3	192.3	326.3	5	1	1
13	1	2199251	2199307	201.7391	322.6	497.8	352.5	309.5	424.9	5	1	1
13	2	2199523	2199569	174.1041	302.5	313.3	420.3	477.6	362.7	5	1	1
13	3	2199765	2199797	122.4585	271.7	472.9	373.7	590.1	338.2	5	1	1
13	4	2199945	2200013	215.1273	352.3	588.7	341	373.7	348.4	5	1	1
13	5	2200207	2200275	186.6313	399.2	359.3	352.8	274.2	518.9	5	1	1
13	6	2200439	2200509	244.2563	426.2	271.4	531.2	496	627.2	5	1	1
13	7	2200829	2200869	123.6548	252.9	514.3	629.7	636	607.8	5	1	1
13	8	2201007	2201089	317.3886	425.8	623.3	604.4	306	611.9	5	1	1
13	9	2201413	2201481	220.5762	413.3	292.6	610.7	513.1	616.5	5	1	1
13	10	2201675	2201717	124.8058	263.8	526.2	623.3	651	624.5	5	1	1
13	11	2201943	2202003	148.9328	357.3	641.1	624.3	496.1	590.3	5	1	1
13	12	2202201	2202267	162.806	302	483.7	579.8	320.9	578.4	5	1	1
13	13	2202417	2202475	163.5751	367.2	306.6	560.7	268.6	401.6	5	1	1
13	14	2202735	2202801	181.6261	345.2	262.9	382.3	441.2	347.7	5	1	1
13	15	2203003	2203041	129.2302	279.5	453.5	349.2	582.6	343.4	5	1	1
13	16	2203325	2203385	248.5601	356.9	571.7	346	336.4	426.1	5	1	1
13	17	2203711	2203749	121.6954	302	339.9	419.7	292.3	531.7	5	1	1
13	18	2203987	2204055	168.7402	344.9	292	516.5	460.5	525.5	5	1	1
13	19	2204491	2204549	203.1363	309.8	477.6	538.5	277	570.5	5	1	1
13	20	2204793	2204863	177.2077	320.5	281.5	564.4	457.9	581.3	5	1	1
13	21	2205127	2205189	161.8881	349.6	469.6	581.6	309.2	603.5	5	1	1
13	22	2205445	2205479	60.0688	177.2	294.7	600.9	234.8	596.4	5	1	1
13	23	2205733	2205791	215.7104	313.6	243.4	597.2	459	590.3	5	1	1
13	24	2205839	2206023	46.4502	1271.6	447.8	592.8	492.7	580.9	5	1	1
13	25	2206187	2206243	129.6744	326.3	494.4	563.1	621.4	589.3	5	1	1
13	26	2206425	2206513	340.6027	533.9	630.2	587	363.3	375.4	5	1	1
13	27	2206743	2206809	192.4029	332.5	346.3	355.5	276	534.6	5	1	1
13	28	2207099	2207165	182.6145	331.8	274.5	555.5	454.6	525.3	5	1	1
13	29	2207351	2207411	165.8547	389.9	470.8	534.7	407.5	381.4	5	1	1
13	30	2207537	2207595	119.3107	279.2	400.5	373.4	281.2	371.8	5	1	1
13	31	2207771	2207835	196.3917	380.6	269.3	365	462	327.1	5	1	1
13	32	2208031	2208081	170.5195	303.2	478	328.4	648	315.1	5	1	1
13	33	2208301	2208339	106.2004	216.1	638.1	308.1	744.3	307.8	5	1	1
13	34	2208551	2208619	194.7406	344.8	731.9	303.3	537.7	317.8	5	1	1
13	35	2208821	2208879	142.3379	351.2	521.6	314.9	381.1	337.7	5	1	1
14	1	2219341	2219449	42.1715	535.3	481.4	268.2	522.6	259.2	5	1	1
14	2	2219615	2219659	123.5405	262.5	527.5	222.4	439.1	308.7	5	1	1
14	3	2219805	2219859	168.7794	333.8	441.4	298.9	378.2	455.4	5	1	1
14	4	2220081	2220113	86.0458	204.3	370.1	457.8	455.9	464.3	5	1	1
14	5	2220451	2220497	175.6572	316.9	440.5	463.6	486.6	633.1	5	1	1
14	6	2220643	2220709	275.5747	350.6	488.9	630.8	764.2	643.1	5	1	1
14	7	2220925	2220989	164.2588	336.8	762.6	671.9	636.2	567	5	1	1
14	8	2221123	2221191	232.8076	458.2	625.5	560.9	563.5	336.5	5	1	1
14	9	2221291	2221377	285.7354	369.2	558.8	322	273.1	317.5	5	1	1
14	10	2221577	2221681	584.0015	500.1	254.6	306	826.7	423.3	5	1	1
14	11	2222151	2222195	119.8324	283.6	828.3	429.1	802.4	312.1	5	1	1
14	12	2222413	2222475	194.5637	346.8	803.8	312	609.8	297.2	5	1	1
14	13	2222605	2222657	197.2092	339	596.7	293.7	399.5	291.8	5	1	1
14	14	2222867	2222911	175.7656	277	402.5	288.6	226.8	293.4	5	1	1
14	15	2223111	2223167	112.3577	251.9	229.3	295.7	117	292.1	5	1	1
14	16	2223423	2223479	270.2444	389.2	98.9	285.4	369.1	280.5	5	1	1
14	17	2223695	2223725	84.2229	222.5	368.8	280.8	451.8	295.1	5	1	1
14	18	2224077	2224103	58.6264	166.4	441.2	293.5	383.9	305.9	5	1	1
14	19	2224301	2224381	219.0427	268.7	395.9	303.4	177.8	283.1	5	1	1
14	20	2224647	2224711	284.7228	389	160.9	279.1	445.6	275.5	5	1	1
14	21	2224965	2225099	37.7525	576.2	436.3	280.7	452.5	314.8	5	1	1
14	22	2225311	2225375	173.4083	332.8	456	284.7	375.9	438.5	5	1	1
14	23	2225737	2225785	156.2039	339.4	371.9	440.9	423.6	588.3	5	1	1
14	24	2225995	2226053	155.5103	373.4	425.8	585.7	402.8	431.9	5	1	1
14	25	2226251	2226287	116.1034	250	402.9	419	407.8	303	5	1	1
14	26	2226555	2226579	67.3211	181.6	407.2	304.2	452.5	254.4	5	1	1
14	27	2227069	2227091	53.3684	149.2	451.8	240	505.1	242.7	5	1	1
14	28	2227341	2227371	77.272	210.9	508	241.9	433	260.5	5	1	1
14	29	2227623	2227707	244.4437	330.4	444	257.6	201.2	285.9	5	1	1
14	30	2227921	2227997	330.3025	410.4	188.5	285	518.4	268.7	5	1	1
14	31	2228161	2228219	207.6018	313.7	515.5	266.5	723	273	5	1	1
14	32	2228443	2228481	121.9386	229.3	720.5	272.8	841.5	287.9	5	1	1
14	33	2228729	2228759	74.8194	150.4	832.1	287.3	906.4	296.1	5	1	1
14	34	2228963	2229081	520.2605	380	893.7	295.4	374.8	333	5	1	1
14	35	2229191	2229259	197.1267	355.3	359.7	324.9	163.1	310.5	5	1	1
15	1	2243629	2243677	138.0036	276.1	509.7	366.4	402.9	279	5	1	1
15	2	2243897	2243945	143.2543	244.4	407.3	282.8	264.5	294.2	5	1	1
15	3	2244207	2244303	380.8925	364.9	270.8	300.5	558.6	550	5	1	1
15	4	2244537	2244587	158.0078	246.3	569.6	563.9	705.8	483.8	5	1	1
15	5	2244735	2244805	295.2525	429.7	696.7	484.8	530.6	240.7	5	1	1
15	6	2244907	2244987	297.3685	395.2	534.2	242.1	237.2	256.9	5	1	1
15	7	2245159	2245187	83.3118	194.6	223.9	253.3	172.8	187.5	5	1	1
15	8	2245477	2245503	62.5744	182.7	174.2	177	235.8	188	5	1	1
15	9	2245905	2245955	113.2866	245.7	224	195.3	273.5	297.2	5	1	1
15	10	2246149	2246195	58.5768	223.9	277.1	297	219.1	305.2	5	1	1
15	11	2246425	2246529	15.855	521.3	208.9	309.5	220.6	298.8	5	1	1
15	12	2246747	2246861	586.8532	459.2	226.9	267.3	574	740.5	5	1	1
15	13	2247145	2247185	100.9183	260.1	580.8	772.9	488.9	814.6	5	1	1
15	14	2247459	2247529	192.6442	362.5	491.4	816.2	300.7	788.9	5	1	1
15	15	2247843	2247913	214.2452	332.7	291.8	779.4	504.4	805.9	5	1	1
15	16	2248129	2248181	118.7139	275.4	516.9	808.6	629.3	846.8	5	1	1
15	17	2248499	2248555	102.5529	251.5	629.7	839.4	527.5	830.9	5	1	1
15	18	2248747	2248795	176.608	328.5	518.1	824.1	348.6	774.5	5	1	1
15	19	2249111	2249359	104.9216	832.3	359.4	780	461.1	754.2	5	1	1
15	20	2249461	2249465	7.4966	61.2	459	743.2	460.2	750.6	5	1	1
15	21	2249591	2249657	219.8836	298.7	463.4	745.9	681.8	720.4	5	1	1
15	22	2249947	2250007	233.9314	357.1	669.8	717.8	514	543.3	5	1	1
15	23	2250147	2250209	168.1079	337.1	519.8	536.2	576.1	377.8	5	1	1
15	24	2250381	2250435	183.1952	344	579.5	363.2	438.7	480.4	5	1	1
15	25	2250811	2250849	111.9298	243.3	430.5	468.6	319	458.8	5	1	1
15	26	2251023	2251119	410.019	416.3	330.6	458.5	740.4	471.9	5	1	1
15	27	2251275	2251377	480.5535	472	753.6	473.8	283	376.5	5	1	1
15	28	2251507	2251549	120.9407	265.6	269.2	372.6	196.3	276.1	5	1	1
15	29	2251811	2251839	62.814	184	187.3	279.6	249.7	286.8	5	1	1
15	30	2252237	2252281	133.92	276.5	241.9	296.6	362.8	354.2	5	1	1
15	31	2252693	2252701	12.4085	105.2	285.1	403	280.2	414.4	5	1	1
15	32	2252831	2252833	0.90556	26.5	294.5	434.7	294.6	433.8	5	1	1
15	33	2253017	2253045	57.7565	157.9	295.8	400.1	239.2	411.6	5	1	1
