11		3043597	3043635	434	520	6		3044194	3044238	600	347	8		3044511	3044564	825	348	7		3044729	3044799	303	636	20		3045040	3045094	544	609	9		3045244	3045307	814	627	9		3045459	3045534	608	231	15		3045714	3045775	274	168	11		3045953	3046004	222	324	5		3046132	3046177	102	180	7		3046357	3046376	75	141	2		0	0	0	0	0		0	0	0	0	0
2		3047936	3048013	92	552	15		3048119	3048143	83	645	3		0	0	0	0	0		0	0	0	0	0		0	0	0	0	0		0	0	0	0	0		0	0	0	0	0		0	0	0	0	0		0	0	0	0	0		0	0	0	0	0		0	0	0	0	0		0	0	0	0	0		0	0	0	0	0
15		3049885	3049949	124	271	14		3050099	3050141	87	128	4		3050257	3050315	236	437	11		3050547	3050585	152	568	5		3050689	3050768	795	466	21		3050953	3050995	829	294	6		3051231	3051270	817	149	5		3051403	3051459	483	266	12		3051673	3051699	484	399	4		3051902	3051953	559	543	5		3052127	3052263	791	610	8		3052436	3052490	547	612	9		3052687	3052740	372	529	6
1		3055174	3055228	170	180	14		0	0	0	0	0		0	0	0	0	0		0	0	0	0	0		0	0	0	0	0		0	0	0	0	0		0	0	0	0	0		0	0	0	0	0		0	0	0	0	0		0	0	0	0	0		0	0	0	0	0		0	0	0	0	0		0	0	0	0	0
10		3058120	3058172	252	347	10		3058296	3058340	138	136	8		3058532	3058613	755	116	20		3058836	3058885	831	248	5		3059038	3059065	877	412	5		3059240	3059295	787	561	5		3059458	3059514	498	608	10		3059732	3059773	263	577	8		3059999	3060020	267	520	2		3060160	3060209	100	649	7		0	0	0	0	0		0	0	0	0	0		0	0	0	0	0
8		3062202	3062258	238	411	11		3062451	3062505	113	627	8		3062667	3062717	111	258	12		3062897	3062969	666	241	18		3063181	3063235	495	360	7		3063495	3063534	489	480	4		3063776	3063799	566	563	3		3063959	3063990	531	626	2		0	0	0	0	0		0	0	0	0	0		0	0	0	0	0		0	0	0	0	0		0	0	0	0	0
9		3065900	3065955	216	337	11		3066127	3066195	420	594	11		3066384	3066407	367	512	3		3066668	3066720	578	493	7		3066810	3066883	128	605	16		3067026	3067082	132	169	14		3067313	3067366	360	208	8		3067456	3067480	296	154	3		3067645	3067666	240	134	2		0	0	0	0	0		0	0	0	0	0		0	0	0	0	0		0	0	0	0	0
4		3120776	3120832	203	504	12		3121096	3121123	207	625	4		3121238	3121293	103	165	15		3121492	3121515	210	140	4		0	0	0	0	0		0	0	0	0	0		0	0	0	0	0		0	0	0	0	0		0	0	0	0	0		0	0	0	0	0		0	0	0	0	0		0	0	0	0	0		0	0	0	0	0
2		3123393	3123445	859	606	14		3123732	3123753	785	629	2		0	0	0	0	0		0	0	0	0	0		0	0	0	0	0		0	0	0	0	0		0	0	0	0	0		0	0	0	0	0		0	0	0	0	0		0	0	0	0	0		0	0	0	0	0		0	0	0	0	0		0	0	0	0	0
11		3125659	3125695	665	389	5		3125854	3125919	202	480	16		3126145	3126199	202	140	11		3126405	3126473	198	650	16		3126662	3126708	137	473	6		3126895	3126933	86	389	3		3127063	3127135	690	289	20		3127277	3127319	843	225	5		3127499	3127521	868	155	3		3127687	3127728	670	120	7		3128021	3128033	647	124	1		0	0	0	0	0		0	0	0	0	0
7		3129860	3129902	315	319	7		3130108	3130154	394	119	7		3130363	3130406	146	131	8		3130587	3130631	142	392	8		3130851	3130898	199	567	6		3131076	3131109	201	634	2		3131226	3131250	97	649	3		0	0	0	0	0		0	0	0	0	0		0	0	0	0	0		0	0	0	0	0		0	0	0	0	0		0	0	0	0	0
8		3132930	3132984	114	578	15		3133141	3133164	72	648	3		3133269	3133313	86	288	11		3133517	3133557	77	125	5		3133639	3133703	713	124	20		3133947	3134004	795	361	8		3134186	3134226	822	490	4		3134403	3134421	864	499	1		0	0	0	0	0		0	0	0	0	0		0	0	0	0	0		0	0	0	0	0		0	0	0	0	0
2		3136195	3136253	907	153	15		3136412	3136433	971	127	2		0	0	0	0	0		0	0	0	0	0		0	0	0	0	0		0	0	0	0	0		0	0	0	0	0		0	0	0	0	0		0	0	0	0	0		0	0	0	0	0		0	0	0	0	0		0	0	0	0	0		0	0	0	0	0
15		3138340	3138388	230	431	11		3138561	3138587	262	516	3		3138724	3138772	130	261	9		3138933	3138998	82	656	13		3139156	3139219	81	238	14		3139443	3139470	85	382	5		3139572	3139644	660	369	19		3139874	3139903	805	453	5		3140092	3140120	772	618	6		3140372	3140411	632	610	5		3140582	3140599	670	634	1		3140766	3140807	536	531	5		3141003	3141056	778	219	13
6		3143315	3143358	363	488	8		3143527	3143594	880	145	21		3143810	3143880	306	413	21		3144040	3144077	294	498	3		3144223	3144270	166	553	4		3144393	3144416	225	631	3		0	0	0	0	0		0	0	0	0	0		0	0	0	0	0		0	0	0	0	0		0	0	0	0	0		0	0	0	0	0		0	0	0	0	0
2		3146213	3146264	264	182	11		3146515	3146534	229	140	2		0	0	0	0	0		0	0	0	0	0		0	0	0	0	0		0	0	0	0	0		0	0	0	0	0		0	0	0	0	0		0	0	0	0	0		0	0	0	0	0		0	0	0	0	0		0	0	0	0	0		0	0	0	0	0
1		3148133	3148199	131	600	15		0	0	0	0	0		0	0	0	0	0		0	0	0	0	0		0	0	0	0	0		0	0	0	0	0		0	0	0	0	0		0	0	0	0	0		0	0	0	0	0		0	0	0	0	0		0	0	0	0	0		0	0	0	0	0		0	0	0	0	0
6		3150248	3150307	220	502	12		3150461	3150516	512	506	10		3150677	3150748	146	647	13		3150890	3150963	604	647	15		3151123	3151173	792	633	6		3151292	3151324	635	631	6		0	0	0	0	0		0	0	0	0	0		0	0	0	0	0		0	0	0	0	0		0	0	0	0	0		0	0	0	0	0		0	0	0	0	0
2		3153004	3153046	534	561	6		3153315	3153336	536	624	2		0	0	0	0	0		0	0	0	0	0		0	0	0	0	0		0	0	0	0	0		0	0	0	0	0		0	0	0	0	0		0	0	0	0	0		0	0	0	0	0		0	0	0	0	0		0	0	0	0	0		0	0	0	0	0
6		3155037	3155066	657	416	4		3155252	3155309	377	510	10		3155482	3155524	167	538	7		3155644	3155697	373	640	7		3155832	3155885	165	659	7		3156091	3156132	108	664	2		0	0	0	0	0		0	0	0	0	0		0	0	0	0	0		0	0	0	0	0		0	0	0	0	0		0	0	0	0	0		0	0	0	0	0
1		3157607	3157657	263	162	12		0	0	0	0	0		0	0	0	0	0		0	0	0	0	0		0	0	0	0	0		0	0	0	0	0		0	0	0	0	0		0	0	0	0	0		0	0	0	0	0		0	0	0	0	0		0	0	0	0	0		0	0	0	0	0		0	0	0	0	0
1		3159801	3159847	659	599	9		0	0	0	0	0		0	0	0	0	0		0	0	0	0	0		0	0	0	0	0		0	0	0	0	0		0	0	0	0	0		0	0	0	0	0		0	0	0	0	0		0	0	0	0	0		0	0	0	0	0		0	0	0	0	0		0	0	0	0	0
2		3161626	3161669	782	365	9		3161938	3161972	811	368	1		0	0	0	0	0		0	0	0	0	0		0	0	0	0	0		0	0	0	0	0		0	0	0	0	0		0	0	0	0	0		0	0	0	0	0		0	0	0	0	0		0	0	0	0	0		0	0	0	0	0		0	0	0	0	0
5		3163397	3163421	584	307	3		3163563	3163612	379	427	9		3163769	3163823	545	495	6		3163927	3163974	295	364	10		3164113	3164133	241	389	2		0	0	0	0	0		0	0	0	0	0		0	0	0	0	0		0	0	0	0	0		0	0	0	0	0		0	0	0	0	0		0	0	0	0	0		0	0	0	0	0
1		3165489	3165537	655	147	8		0	0	0	0	0		0	0	0	0	0		0	0	0	0	0		0	0	0	0	0		0	0	0	0	0		0	0	0	0	0		0	0	0	0	0		0	0	0	0	0		0	0	0	0	0		0	0	0	0	0		0	0	0	0	0		0	0	0	0	0
1		3167374	3167416	317	268	8		0	0	0	0	0		0	0	0	0	0		0	0	0	0	0		0	0	0	0	0		0	0	0	0	0		0	0	0	0	0		0	0	0	0	0		0	0	0	0	0		0	0	0	0	0		0	0	0	0	0		0	0	0	0	0		0	0	0	0	0
1		3202991	3203048	764	590	11		0	0	0	0	0		0	0	0	0	0		0	0	0	0	0		0	0	0	0	0		0	0	0	0	0		0	0	0	0	0		0	0	0	0	0		0	0	0	0	0		0	0	0	0	0		0	0	0	0	0		0	0	0	0	0		0	0	0	0	0
2		3204819	3204868	866	364	12		3205079	3205101	922	366	2		0	0	0	0	0		0	0	0	0	0		0	0	0	0	0		0	0	0	0	0		0	0	0	0	0		0	0	0	0	0		0	0	0	0	0		0	0	0	0	0		0	0	0	0	0		0	0	0	0	0		0	0	0	0	0
2		3207753	3207797	259	462	10		3207928	3207971	419	643	8		0	0	0	0	0		0	0	0	0	0		0	0	0	0	0		0	0	0	0	0		0	0	0	0	0		0	0	0	0	0		0	0	0	0	0		0	0	0	0	0		0	0	0	0	0		0	0	0	0	0		0	0	0	0	0
2		3209544	3209592	757	166	11		3209759	3209779	817	142	2		0	0	0	0	0		0	0	0	0	0		0	0	0	0	0		0	0	0	0	0		0	0	0	0	0		0	0	0	0	0		0	0	0	0	0		0	0	0	0	0		0	0	0	0	0		0	0	0	0	0		0	0	0	0	0
4		3211378	3211394	569	342	1		3211490	3211529	449	477	6		3211726	3211765	237	468	7		3211951	3211993	379	633	7		0	0	0	0	0		0	0	0	0	0		0	0	0	0	0		0	0	0	0	0		0	0	0	0	0		0	0	0	0	0		0	0	0	0	0		0	0	0	0	0		0	0	0	0	0
2		3213571	3213625	139	171	15		3213897	3213927	418	204	9		0	0	0	0	0		0	0	0	0	0		0	0	0	0	0		0	0	0	0	0		0	0	0	0	0		0	0	0	0	0		0	0	0	0	0		0	0	0	0	0		0	0	0	0	0		0	0	0	0	0		0	0	0	0	0
1		3215328	3215380	132	168	15		0	0	0	0	0		0	0	0	0	0		0	0	0	0	0		0	0	0	0	0		0	0	0	0	0		0	0	0	0	0		0	0	0	0	0		0	0	0	0	0		0	0	0	0	0		0	0	0	0	0		0	0	0	0	0		0	0	0	0	0
3		3217330	3217356	636	434	5		3217572	3217613	428	517	8		3217836	3217864	314	517	4		0	0	0	0	0		0	0	0	0	0		0	0	0	0	0		0	0	0	0	0		0	0	0	0	0		0	0	0	0	0		0	0	0	0	0		0	0	0	0	0		0	0	0	0	0		0	0	0	0	0
1		3220275	3220319	738	283	8		0	0	0	0	0		0	0	0	0	0		0	0	0	0	0		0	0	0	0	0		0	0	0	0	0		0	0	0	0	0		0	0	0	0	0		0	0	0	0	0		0	0	0	0	0		0	0	0	0	0		0	0	0	0	0		0	0	0	0	0
2		3222767	3222811	267	475	9		3222984	3223008	178	508	3		0	0	0	0	0		0	0	0	0	0		0	0	0	0	0		0	0	0	0	0		0	0	0	0	0		0	0	0	0	0		0	0	0	0	0		0	0	0	0	0		0	0	0	0	0		0	0	0	0	0		0	0	0	0	0
9		3224718	3224758	734	285	7		3224850	3224920	211	486	19		3225172	3225208	354	413	6		3225355	3225409	465	628	8		3225571	3225611	228	638	8		3225773	3225831	728	611	17		3226004	3226043	867	556	5		3226160	3226227	821	188	12		3226463	3226485	875	245	3		0	0	0	0	0		0	0	0	0	0		0	0	0	0	0		0	0	0	0	0
2		3228398	3228454	212	459	11		3228629	3228652	155	533	3		0	0	0	0	0		0	0	0	0	0		0	0	0	0	0		0	0	0	0	0		0	0	0	0	0		0	0	0	0	0		0	0	0	0	0		0	0	0	0	0		0	0	0	0	0		0	0	0	0	0		0	0	0	0	0
1		3230117	3230171	895	588	14		0	0	0	0	0		0	0	0	0	0		0	0	0	0	0		0	0	0	0	0		0	0	0	0	0		0	0	0	0	0		0	0	0	0	0		0	0	0	0	0		0	0	0	0	0		0	0	0	0	0		0	0	0	0	0		0	0	0	0	0
1		3231737	3231780	719	277	8		0	0	0	0	0		0	0	0	0	0		0	0	0	0	0		0	0	0	0	0		0	0	0	0	0		0	0	0	0	0		0	0	0	0	0		0	0	0	0	0		0	0	0	0	0		0	0	0	0	0		0	0	0	0	0		0	0	0	0	0
4		3233585	3233642	233	537	11		3233926	3233972	203	287	8		3234144	3234163	152	271	2		3234347	3234376	389	305	8		0	0	0	0	0		0	0	0	0	0		0	0	0	0	0		0	0	0	0	0		0	0	0	0	0		0	0	0	0	0		0	0	0	0	0		0	0	0	0	0		0	0	0	0	0
13		3235857	3235897	698	502	8		3236064	3236103	822	616	5		3236256	3236303	928	355	9		3236413	3236478	284	426	21		3236730	3236780	169	201	8		3237091	3237152	588	214	14		3237383	3237428	732	122	6		3237645	3237696	923	135	7		3237822	3237858	839	325	7		3238090	3238154	192	662	24		3238394	3238433	397	615	7		3238628	3238672	549	614	5		3238855	3238872	511	623	1
5		3240699	3240737	692	442	6		3240837	3240900	223	496	16		3241130	3241170	446	495	8		3241317	3241377	248	244	11		3241614	3241635	303	253	2		0	0	0	0	0		0	0	0	0	0		0	0	0	0	0		0	0	0	0	0		0	0	0	0	0		0	0	0	0	0		0	0	0	0	0		0	0	0	0	0
3		3243267	3243295	638	476	5		3243441	3243504	242	527	13		3243736	3243760	321	531	3		0	0	0	0	0		0	0	0	0	0		0	0	0	0	0		0	0	0	0	0		0	0	0	0	0		0	0	0	0	0		0	0	0	0	0		0	0	0	0	0		0	0	0	0	0		0	0	0	0	0
9		3245598	3245627	587	511	5		3245748	3245804	262	545	11		3246053	3246128	843	601	20		3246332	3246354	848	511	3		3246540	3246590	770	216	9		3246757	3246778	779	151	2		3246880	3246942	355	168	14		3247136	3247160	433	226	4		3247307	3247353	372	141	3		0	0	0	0	0		0	0	0	0	0		0	0	0	0	0		0	0	0	0	0
1		3248745	3248804	209	282	12		0	0	0	0	0		0	0	0	0	0		0	0	0	0	0		0	0	0	0	0		0	0	0	0	0		0	0	0	0	0		0	0	0	0	0		0	0	0	0	0		0	0	0	0	0		0	0	0	0	0		0	0	0	0	0		0	0	0	0	0
1		3250287	3250328	308	263	7		0	0	0	0	0		0	0	0	0	0		0	0	0	0	0		0	0	0	0	0		0	0	0	0	0		0	0	0	0	0		0	0	0	0	0		0	0	0	0	0		0	0	0	0	0		0	0	0	0	0		0	0	0	0	0		0	0	0	0	0
5		3252278	3252302	584	305	3		3252473	3252496	532	349	3		3252669	3252708	303	325	8		3252999	3253059	141	451	7		3253289	3253311	85	412	3		0	0	0	0	0		0	0	0	0	0		0	0	0	0	0		0	0	0	0	0		0	0	0	0	0		0	0	0	0	0		0	0	0	0	0		0	0	0	0	0
12		3254784	3254844	178	411	12		3255111	3255154	218	247	6		3255379	3255430	390	354	7		3255575	3255627	619	542	9		3255860	3255925	235	590	13		3256083	3256105	238	654	2		3256282	3256330	129	632	4		3256510	3256582	560	605	15		3256715	3256768	786	410	10		3256971	3257011	819	242	5		3257196	3257247	689	142	6		3257435	3257470	544	137	5		0	0	0	0	0
4		3259327	3259372	525	171	7		3259554	3259585	340	152	6		3259760	3259807	257	295	6		3259959	3260002	89	153	7		0	0	0	0	0		0	0	0	0	0		0	0	0	0	0		0	0	0	0	0		0	0	0	0	0		0	0	0	0	0		0	0	0	0	0		0	0	0	0	0		0	0	0	0	0
5		3261689	3261740	319	389	8		3261946	3262000	180	201	8		3262211	3262256	481	362	11		3262442	3262506	740	490	9		3262708	3262753	897	358	7		0	0	0	0	0		0	0	0	0	0		0	0	0	0	0		0	0	0	0	0		0	0	0	0	0		0	0	0	0	0		0	0	0	0	0		0	0	0	0	0
2		3264923	3264974	184	289	12		3265233	3265258	381	302	6		0	0	0	0	0		0	0	0	0	0		0	0	0	0	0		0	0	0	0	0		0	0	0	0	0		0	0	0	0	0		0	0	0	0	0		0	0	0	0	0		0	0	0	0	0		0	0	0	0	0		0	0	0	0	0
2		3267628	3267681	284	305	9		3267903	3267935	235	370	2		0	0	0	0	0		0	0	0	0	0		0	0	0	0	0		0	0	0	0	0		0	0	0	0	0		0	0	0	0	0		0	0	0	0	0		0	0	0	0	0		0	0	0	0	0		0	0	0	0	0		0	0	0	0	0
7		3269854	3269901	231	308	11		3270139	3270167	221	427	4		3270318	3270345	191	562	4		3270569	3270604	196	635	2		3270705	3270764	582	610	13		3270975	3271024	780	613	6		3271185	3271220	940	615	5		0	0	0	0	0		0	0	0	0	0		0	0	0	0	0		0	0	0	0	0		0	0	0	0	0		0	0	0	0	0
3		3272673	3272722	185	329	12		3273099	3273171	755	494	20		3273382	3273407	828	608	4		0	0	0	0	0		0	0	0	0	0		0	0	0	0	0		0	0	0	0	0		0	0	0	0	0		0	0	0	0	0		0	0	0	0	0		0	0	0	0	0		0	0	0	0	0		0	0	0	0	0
1		3275196	3275242	296	371	9		0	0	0	0	0		0	0	0	0	0		0	0	0	0	0		0	0	0	0	0		0	0	0	0	0		0	0	0	0	0		0	0	0	0	0		0	0	0	0	0		0	0	0	0	0		0	0	0	0	0		0	0	0	0	0		0	0	0	0	0
5		3276982	3277004	521	291	2		3277156	3277193	356	335	6		3277337	3277379	226	230	6		3277586	3277606	229	165	2		3277742	3277769	364	146	4		0	0	0	0	0		0	0	0	0	0		0	0	0	0	0		0	0	0	0	0		0	0	0	0	0		0	0	0	0	0		0	0	0	0	0		0	0	0	0	0
1		3279340	3279391	285	375	9		0	0	0	0	0		0	0	0	0	0		0	0	0	0	0		0	0	0	0	0		0	0	0	0	0		0	0	0	0	0		0	0	0	0	0		0	0	0	0	0		0	0	0	0	0		0	0	0	0	0		0	0	0	0	0		0	0	0	0	0
2		3280950	3280976	624	471	4		3281165	3281198	755	511	4		0	0	0	0	0		0	0	0	0	0		0	0	0	0	0		0	0	0	0	0		0	0	0	0	0		0	0	0	0	0		0	0	0	0	0		0	0	0	0	0		0	0	0	0	0		0	0	0	0	0		0	0	0	0	0
7		3282797	3282844	274	290	9		3283083	3283136	195	488	7		3283369	3283422	455	531	9		3283594	3283637	565	598	4		3283864	3283922	271	646	10		3284038	3284115	867	462	21		3284351	3284370	921	409	2		0	0	0	0	0		0	0	0	0	0		0	0	0	0	0		0	0	0	0	0		0	0	0	0	0		0	0	0	0	0
3		3285955	3286008	425	267	6		3286105	3286132	530	366	5		3286259	3286303	667	490	6		0	0	0	0	0		0	0	0	0	0		0	0	0	0	0		0	0	0	0	0		0	0	0	0	0		0	0	0	0	0		0	0	0	0	0		0	0	0	0	0		0	0	0	0	0		0	0	0	0	0
2		3288172	3288233	147	375	13		3288523	3288582	524	365	13		0	0	0	0	0		0	0	0	0	0		0	0	0	0	0		0	0	0	0	0		0	0	0	0	0		0	0	0	0	0		0	0	0	0	0		0	0	0	0	0		0	0	0	0	0		0	0	0	0	0		0	0	0	0	0
1		3289882	3289926	524	169	7		0	0	0	0	0		0	0	0	0	0		0	0	0	0	0		0	0	0	0	0		0	0	0	0	0		0	0	0	0	0		0	0	0	0	0		0	0	0	0	0		0	0	0	0	0		0	0	0	0	0		0	0	0	0	0		0	0	0	0	0
2		3291643	3291701	215	466	11		3291917	3291964	516	373	11		0	0	0	0	0		0	0	0	0	0		0	0	0	0	0		0	0	0	0	0		0	0	0	0	0		0	0	0	0	0		0	0	0	0	0		0	0	0	0	0		0	0	0	0	0		0	0	0	0	0		0	0	0	0	0
7		3295235	3295281	339	298	7		3295475	3295517	167	243	6		3295687	3295770	872	156	23		3296005	3296068	463	129	14		3296302	3296363	671	232	8		3296518	3296574	630	467	8		3296889	3296915	547	564	4		0	0	0	0	0		0	0	0	0	0		0	0	0	0	0		0	0	0	0	0		0	0	0	0	0		0	0	0	0	0
7		3298806	3298832	401	386	4		3299024	3299064	232	391	6		3299275	3299305	207	506	3		3299446	3299501	494	506	10		3299681	3299705	601	508	3		3299822	3299860	786	496	6		3299999	3300022	861	500	3		0	0	0	0	0		0	0	0	0	0		0	0	0	0	0		0	0	0	0	0		0	0	0	0	0		0	0	0	0	0
1		3301424	3301465	352	141	5		0	0	0	0	0		0	0	0	0	0		0	0	0	0	0		0	0	0	0	0		0	0	0	0	0		0	0	0	0	0		0	0	0	0	0		0	0	0	0	0		0	0	0	0	0		0	0	0	0	0		0	0	0	0	0		0	0	0	0	0
16		3303131	3303179	720	421	7		3303525	3303548	744	497	2		3303749	3303787	887	421	6		3303941	3304008	443	379	15		3304182	3304236	229	335	7		3304478	3304518	245	503	6		3304720	3304763	139	577	4		3304945	3304998	70	176	13		3305196	3305243	173	395	8		3305422	3305477	110	630	8		3305611	3305680	758	628	21		3305905	3305954	939	617	5		3306030	3306094	495	635	15
1		3308412	3308469	911	185	14		0	0	0	0	0		0	0	0	0	0		0	0	0	0	0		0	0	0	0	0		0	0	0	0	0		0	0	0	0	0		0	0	0	0	0		0	0	0	0	0		0	0	0	0	0		0	0	0	0	0		0	0	0	0	0		0	0	0	0	0
3		3311075	3311096	556	284	2		3311279	3311319	757	252	6		3311616	3311666	552	331	7		0	0	0	0	0		0	0	0	0	0		0	0	0	0	0		0	0	0	0	0		0	0	0	0	0		0	0	0	0	0		0	0	0	0	0		0	0	0	0	0		0	0	0	0	0		0	0	0	0	0
5		3314395	3314435	349	306	7		3314666	3314705	222	235	5		3314974	3315002	235	371	5		3315176	3315203	110	393	4		3315473	3315532	485	350	13		0	0	0	0	0		0	0	0	0	0		0	0	0	0	0		0	0	0	0	0		0	0	0	0	0		0	0	0	0	0		0	0	0	0	0		0	0	0	0	0
6		3317022	3317063	382	363	5		3317366	3317418	706	191	12		3317605	3317646	879	127	6		3317785	3317847	434	135	15		3318078	3318117	231	139	6		3318391	3318413	447	22	8		0	0	0	0	0		0	0	0	0	0		0	0	0	0	0		0	0	0	0	0		0	0	0	0	0		0	0	0	0	0		0	0	0	0	0
2		3319923	3319960	375	453	6		3320086	3320129	259	641	7		0	0	0	0	0		0	0	0	0	0		0	0	0	0	0		0	0	0	0	0		0	0	0	0	0		0	0	0	0	0		0	0	0	0	0		0	0	0	0	0		0	0	0	0	0		0	0	0	0	0		0	0	0	0	0
2		3322520	3322570	843	280	11		3322726	3322747	906	267	2		0	0	0	0	0		0	0	0	0	0		0	0	0	0	0		0	0	0	0	0		0	0	0	0	0		0	0	0	0	0		0	0	0	0	0		0	0	0	0	0		0	0	0	0	0		0	0	0	0	0		0	0	0	0	0
2		3324193	3324243	617	178	7		3324497	3324515	663	137	2		0	0	0	0	0		0	0	0	0	0		0	0	0	0	0		0	0	0	0	0		0	0	0	0	0		0	0	0	0	0		0	0	0	0	0		0	0	0	0	0		0	0	0	0	0		0	0	0	0	0		0	0	0	0	0
4		3326214	3326238	586	298	3		3326403	3326427	537	371	4		3326608	3326653	734	264	8		3326788	3326837	887	264	5		0	0	0	0	0		0	0	0	0	0		0	0	0	0	0		0	0	0	0	0		0	0	0	0	0		0	0	0	0	0		0	0	0	0	0		0	0	0	0	0		0	0	0	0	0
2		3328387	3328437	726	457	7		3328686	3328733	540	384	7		0	0	0	0	0		0	0	0	0	0		0	0	0	0	0		0	0	0	0	0		0	0	0	0	0		0	0	0	0	0		0	0	0	0	0		0	0	0	0	0		0	0	0	0	0		0	0	0	0	0		0	0	0	0	0
2		3330030	3330088	189	552	13		3330320	3330398	500	354	12		0	0	0	0	0		0	0	0	0	0		0	0	0	0	0		0	0	0	0	0		0	0	0	0	0		0	0	0	0	0		0	0	0	0	0		0	0	0	0	0		0	0	0	0	0		0	0	0	0	0		0	0	0	0	0
3		3333016	3333040	628	351	3		3333195	3333248	371	383	9		3333419	3333472	189	264	7		0	0	0	0	0		0	0	0	0	0		0	0	0	0	0		0	0	0	0	0		0	0	0	0	0		0	0	0	0	0		0	0	0	0	0		0	0	0	0	0		0	0	0	0	0		0	0	0	0	0
1		3336228	3336270	524	183	5		0	0	0	0	0		0	0	0	0	0		0	0	0	0	0		0	0	0	0	0		0	0	0	0	0		0	0	0	0	0		0	0	0	0	0		0	0	0	0	0		0	0	0	0	0		0	0	0	0	0		0	0	0	0	0		0	0	0	0	0
3		3338409	3338470	762	183	10		3338626	3338645	805	145	2		3339232	3339278	531	361	11		0	0	0	0	0		0	0	0	0	0		0	0	0	0	0		0	0	0	0	0		0	0	0	0	0		0	0	0	0	0		0	0	0	0	0		0	0	0	0	0		0	0	0	0	0		0	0	0	0	0
2		3340526	3340576	536	585	10		3340743	3340772	530	615	1		0	0	0	0	0		0	0	0	0	0		0	0	0	0	0		0	0	0	0	0		0	0	0	0	0		0	0	0	0	0		0	0	0	0	0		0	0	0	0	0		0	0	0	0	0		0	0	0	0	0		0	0	0	0	0
2		3343120	3343166	251	296	10		3343412	3343432	297	272	2		0	0	0	0	0		0	0	0	0	0		0	0	0	0	0		0	0	0	0	0		0	0	0	0	0		0	0	0	0	0		0	0	0	0	0		0	0	0	0	0		0	0	0	0	0		0	0	0	0	0		0	0	0	0	0
3		3345035	3345067	586	292	4		3345416	3345450	449	267	5		3345583	3345642	765	161	11		0	0	0	0	0		0	0	0	0	0		0	0	0	0	0		0	0	0	0	0		0	0	0	0	0		0	0	0	0	0		0	0	0	0	0		0	0	0	0	0		0	0	0	0	0		0	0	0	0	0
2		3347753	3347811	377	603	9		3348002	3348023	361	655	1		0	0	0	0	0		0	0	0	0	0		0	0	0	0	0		0	0	0	0	0		0	0	0	0	0		0	0	0	0	0		0	0	0	0	0		0	0	0	0	0		0	0	0	0	0		0	0	0	0	0		0	0	0	0	0
3		3350048	3350107	208	502	11		3350265	3350292	160	543	2		3350834	3350847	206	513	2		0	0	0	0	0		0	0	0	0	0		0	0	0	0	0		0	0	0	0	0		0	0	0	0	0		0	0	0	0	0		0	0	0	0	0		0	0	0	0	0		0	0	0	0	0		0	0	0	0	0
2		3352456	3352506	688	468	7		3352663	3352692	717	507	1		0	0	0	0	0		0	0	0	0	0		0	0	0	0	0		0	0	0	0	0		0	0	0	0	0		0	0	0	0	0		0	0	0	0	0		0	0	0	0	0		0	0	0	0	0		0	0	0	0	0		0	0	0	0	0
1		3354818	3354883	878	616	15		0	0	0	0	0		0	0	0	0	0		0	0	0	0	0		0	0	0	0	0		0	0	0	0	0		0	0	0	0	0		0	0	0	0	0		0	0	0	0	0		0	0	0	0	0		0	0	0	0	0		0	0	0	0	0		0	0	0	0	0
4		3357170	3357182	540	364	1		3357414	3357456	394	352	5		3357636	3357661	439	273	3		3357810	3357849	488	144	4		0	0	0	0	0		0	0	0	0	0		0	0	0	0	0		0	0	0	0	0		0	0	0	0	0		0	0	0	0	0		0	0	0	0	0		0	0	0	0	0		0	0	0	0	0
3		3359602	3359665	153	401	13		3359960	3360016	452	378	10		3360223	3360285	89	396	13		0	0	0	0	0		0	0	0	0	0		0	0	0	0	0		0	0	0	0	0		0	0	0	0	0		0	0	0	0	0		0	0	0	0	0		0	0	0	0	0		0	0	0	0	0		0	0	0	0	0
4		3362169	3362217	395	386	4		3362364	3362415	215	337	6		3362559	3362582	236	264	3		3362761	3362814	85	163	6		0	0	0	0	0		0	0	0	0	0		0	0	0	0	0		0	0	0	0	0		0	0	0	0	0		0	0	0	0	0		0	0	0	0	0		0	0	0	0	0		0	0	0	0	0
5		3364497	3364534	604	292	4		3364692	3364733	778	249	6		3364902	3364943	879	121	5		3365096	3365120	958	135	3		3365371	3365472	538	343	15		0	0	0	0	0		0	0	0	0	0		0	0	0	0	0		0	0	0	0	0		0	0	0	0	0		0	0	0	0	0		0	0	0	0	0		0	0	0	0	0
3		3366992	3367061	771	600	16		3367248	3367274	786	624	1		3367683	3367744	501	381	13		0	0	0	0	0		0	0	0	0	0		0	0	0	0	0		0	0	0	0	0		0	0	0	0	0		0	0	0	0	0		0	0	0	0	0		0	0	0	0	0		0	0	0	0	0		0	0	0	0	0
9		3369275	3369329	193	365	11		3369615	3369658	426	251	9		3369833	3369891	95	161	11		3370071	3370097	149	300	5		3370268	3370302	167	459	5		3370448	3370495	112	621	5		3370624	3370710	712	570	20		3370877	3370926	863	610	5		3371126	3371146	944	627	2		0	0	0	0	0		0	0	0	0	0		0	0	0	0	0		0	0	0	0	0
3		3372728	3372787	841	452	11		3372956	3372979	868	500	1		3373450	3373503	517	360	13		0	0	0	0	0		0	0	0	0	0		0	0	0	0	0		0	0	0	0	0		0	0	0	0	0		0	0	0	0	0		0	0	0	0	0		0	0	0	0	0		0	0	0	0	0		0	0	0	0	0
2		3375206	3375256	712	277	6		3375467	3375488	749	265	1		0	0	0	0	0		0	0	0	0	0		0	0	0	0	0		0	0	0	0	0		0	0	0	0	0		0	0	0	0	0		0	0	0	0	0		0	0	0	0	0		0	0	0	0	0		0	0	0	0	0		0	0	0	0	0
4		3377235	3377288	712	305	7		3377444	3377513	365	409	13		3377665	3377719	526	187	9		3377884	3377931	647	156	4		0	0	0	0	0		0	0	0	0	0		0	0	0	0	0		0	0	0	0	0		0	0	0	0	0		0	0	0	0	0		0	0	0	0	0		0	0	0	0	0		0	0	0	0	0
2		3379693	3379750	832	313	10		3379918	3379937	897	301	2		0	0	0	0	0		0	0	0	0	0		0	0	0	0	0		0	0	0	0	0		0	0	0	0	0		0	0	0	0	0		0	0	0	0	0		0	0	0	0	0		0	0	0	0	0		0	0	0	0	0		0	0	0	0	0
3		3381844	3381888	630	653	9		3382088	3382107	673	650	1		3382673	3382689	607	563	4		0	0	0	0	0		0	0	0	0	0		0	0	0	0	0		0	0	0	0	0		0	0	0	0	0		0	0	0	0	0		0	0	0	0	0		0	0	0	0	0		0	0	0	0	0		0	0	0	0	0
1		3384022	3384085	857	491	12		0	0	0	0	0		0	0	0	0	0		0	0	0	0	0		0	0	0	0	0		0	0	0	0	0		0	0	0	0	0		0	0	0	0	0		0	0	0	0	0		0	0	0	0	0		0	0	0	0	0		0	0	0	0	0		0	0	0	0	0
2		3386089	3386149	901	372	12		3386350	3386372	942	389	1		0	0	0	0	0		0	0	0	0	0		0	0	0	0	0		0	0	0	0	0		0	0	0	0	0		0	0	0	0	0		0	0	0	0	0		0	0	0	0	0		0	0	0	0	0		0	0	0	0	0		0	0	0	0	0
11		3388169	3388219	861	369	11		3388385	3388425	823	253	4		3388667	3388716	635	210	7		3388857	3388905	294	189	11		3389127	3389188	106	203	6		3389397	3389432	151	292	3		3389544	3389601	138	525	7		3389832	3389877	157	623	3		3389970	3390027	467	555	10		3390216	3390258	582	630	4		3390406	3390430	663	634	3		0	0	0	0	0		0	0	0	0	0
3		3392830	3392889	278	588	10		3393043	3393075	241	639	2		3393466	3393490	-32768	-32768	4600000		0	0	0	0	0		0	0	0	0	0		0	0	0	0	0		0	0	0	0	0		0	0	0	0	0		0	0	0	0	0		0	0	0	0	0		0	0	0	0	0		0	0	0	0	0		0	0	0	0	0
2		3394864	3394909	742	289	7		3394997	3395072	300	492	16		0	0	0	0	0		0	0	0	0	0		0	0	0	0	0		0	0	0	0	0		0	0	0	0	0		0	0	0	0	0		0	0	0	0	0		0	0	0	0	0		0	0	0	0	0		0	0	0	0	0		0	0	0	0	0
1		3397924	3397979	783	378	9		0	0	0	0	0		0	0	0	0	0		0	0	0	0	0		0	0	0	0	0		0	0	0	0	0		0	0	0	0	0		0	0	0	0	0		0	0	0	0	0		0	0	0	0	0		0	0	0	0	0		0	0	0	0	0		0	0	0	0	0
1		3399848	3399897	398	165	9		0	0	0	0	0		0	0	0	0	0		0	0	0	0	0		0	0	0	0	0		0	0	0	0	0		0	0	0	0	0		0	0	0	0	0		0	0	0	0	0		0	0	0	0	0		0	0	0	0	0		0	0	0	0	0		0	0	0	0	0
1		3401517	3401567	339	527	8		0	0	0	0	0		0	0	0	0	0		0	0	0	0	0		0	0	0	0	0		0	0	0	0	0		0	0	0	0	0		0	0	0	0	0		0	0	0	0	0		0	0	0	0	0		0	0	0	0	0		0	0	0	0	0		0	0	0	0	0
3		3403457	3403500	759	374	7		3403641	3403662	829	380	2		3403990	3404033	554	375	9		0	0	0	0	0		0	0	0	0	0		0	0	0	0	0		0	0	0	0	0		0	0	0	0	0		0	0	0	0	0		0	0	0	0	0		0	0	0	0	0		0	0	0	0	0		0	0	0	0	0
8		3405443	3405486	737	373	7		3405659	3405730	310	366	14		3405886	3405921	317	254	4		3406120	3406161	167	153	6		3406349	3406415	149	564	13		3406601	3406670	535	596	12		3406764	3406815	293	638	8		3407055	3407090	349	634	3		0	0	0	0	0		0	0	0	0	0		0	0	0	0	0		0	0	0	0	0		0	0	0	0	0
11		3408932	3408956	651	395	3		3409188	3409240	766	618	8		3409410	3409470	932	397	9		3409620	3409666	715	404	8		3409780	3409804	795	508	5		3410018	3410084	855	197	10		3410287	3410360	401	187	15		3410604	3410653	242	298	6		3410825	3410874	237	444	4		3411084	3411113	240	656	6		3411722	3411811	-32768	-32768	4700000		0	0	0	0	0		0	0	0	0	0
3		3413337	3413385	692	376	6		3413521	3413583	590	600	8		3413662	3413716	801	416	9		0	0	0	0	0		0	0	0	0	0		0	0	0	0	0		0	0	0	0	0		0	0	0	0	0		0	0	0	0	0		0	0	0	0	0		0	0	0	0	0		0	0	0	0	0		0	0	0	0	0
