7		5382189	5382233	329	598	9		5382394	5382416	274	622	2		5382514	5382563	646	609	13		5382697	5382726	793	628	5		5382915	5382939	826	499	4		5383102	5383139	838	333	5		5383326	5383351	922	391	3		0	0	0	0	0		0	0	0	0	0		0	0	0	0	0		0	0	0	0	0		0	0	0	0	0		0	0	0	0	0
4		5385458	5385507	846	400	11		5385763	5385792	828	525	4		5385839	5385864	689	532	4		5386005	5386023	730	515	1		0	0	0	0	0		0	0	0	0	0		0	0	0	0	0		0	0	0	0	0		0	0	0	0	0		0	0	0	0	0		0	0	0	0	0		0	0	0	0	0		0	0	0	0	0
2		5389169	5389197	516	282	4		5389250	5389274	535	97	5		0	0	0	0	0		0	0	0	0	0		0	0	0	0	0		0	0	0	0	0		0	0	0	0	0		0	0	0	0	0		0	0	0	0	0		0	0	0	0	0		0	0	0	0	0		0	0	0	0	0		0	0	0	0	0
2		5391523	5391562	351	348	6		5391701	5391718	326	304	1		0	0	0	0	0		0	0	0	0	0		0	0	0	0	0		0	0	0	0	0		0	0	0	0	0		0	0	0	0	0		0	0	0	0	0		0	0	0	0	0		0	0	0	0	0		0	0	0	0	0		0	0	0	0	0
4		5393937	5393977	426	302	5		5394055	5394073	376	304	2		5394222	5394262	396	537	8		5394558	5394589	519	647	5		0	0	0	0	0		0	0	0	0	0		0	0	0	0	0		0	0	0	0	0		0	0	0	0	0		0	0	0	0	0		0	0	0	0	0		0	0	0	0	0		0	0	0	0	0
5		5415453	5415485	384	366	4		5415516	5415541	401	242	4		5415770	5415804	228	311	6		5415961	5415987	274	146	6		5416108	5416130	382	141	3		0	0	0	0	0		0	0	0	0	0		0	0	0	0	0		0	0	0	0	0		0	0	0	0	0		0	0	0	0	0		0	0	0	0	0		0	0	0	0	0
5		5418473	5418495	499	325	2		5418697	5418738	598	496	7		5418953	5418996	836	489	8		5419136	5419157	859	409	3		5419277	5419297	794	390	2		0	0	0	0	0		0	0	0	0	0		0	0	0	0	0		0	0	0	0	0		0	0	0	0	0		0	0	0	0	0		0	0	0	0	0		0	0	0	0	0
8		5420910	5420936	488	325	3		5421138	5421159	496	238	2		5421314	5421358	530	514	9		5421502	5421550	266	510	9		5421700	5421725	264	631	4		5421860	5421925	760	490	17		5421947	5421996	454	630	11		5422099	5422122	403	629	1		0	0	0	0	0		0	0	0	0	0		0	0	0	0	0		0	0	0	0	0		0	0	0	0	0
0		0	0	0	0	0		0	0	0	0	0		0	0	0	0	0		0	0	0	0	0		0	0	0	0	0		0	0	0	0	0		0	0	0	0	0		0	0	0	0	0		0	0	0	0	0		0	0	0	0	0		0	0	0	0	0		0	0	0	0	0		0	0	0	0	0
2		5428015	5428067	122	381	12		5428245	5428265	99	384	1		0	0	0	0	0		0	0	0	0	0		0	0	0	0	0		0	0	0	0	0		0	0	0	0	0		0	0	0	0	0		0	0	0	0	0		0	0	0	0	0		0	0	0	0	0		0	0	0	0	0		0	0	0	0	0
2		5429857	5429899	756	388	8		5430137	5430158	785	392	1		0	0	0	0	0		0	0	0	0	0		0	0	0	0	0		0	0	0	0	0		0	0	0	0	0		0	0	0	0	0		0	0	0	0	0		0	0	0	0	0		0	0	0	0	0		0	0	0	0	0		0	0	0	0	0
2		5432443	5432481	438	260	5		5432596	5432622	391	132	4		0	0	0	0	0		0	0	0	0	0		0	0	0	0	0		0	0	0	0	0		0	0	0	0	0		0	0	0	0	0		0	0	0	0	0		0	0	0	0	0		0	0	0	0	0		0	0	0	0	0		0	0	0	0	0
4		5434498	5434520	471	339	2		5434651	5434690	594	525	8		5434862	5434911	441	248	10		5435018	5435040	406	143	4		0	0	0	0	0		0	0	0	0	0		0	0	0	0	0		0	0	0	0	0		0	0	0	0	0		0	0	0	0	0		0	0	0	0	0		0	0	0	0	0		0	0	0	0	0
7		5436923	5436946	476	317	3		5437126	5437163	573	482	7		5437313	5437339	446	504	4		5437520	5437558	258	522	6		5437660	5437686	343	633	4		5437777	5437799	263	641	2		5438009	5438030	241	647	1		0	0	0	0	0		0	0	0	0	0		0	0	0	0	0		0	0	0	0	0		0	0	0	0	0		0	0	0	0	0
5		5439696	5439737	445	587	6		5439825	5439848	380	635	3		5440011	5440044	264	619	3		5440069	5440127	671	653	13		5440328	5440337	661	651	1		0	0	0	0	0		0	0	0	0	0		0	0	0	0	0		0	0	0	0	0		0	0	0	0	0		0	0	0	0	0		0	0	0	0	0		0	0	0	0	0
7		5442354	5442390	532	570	5		5442464	5442485	506	628	2		5442700	5442763	743	271	14		5443044	5443094	393	353	12		5443284	5443324	258	471	6		5443486	5443511	272	336	4		5443658	5443678	319	304	2		0	0	0	0	0		0	0	0	0	0		0	0	0	0	0		0	0	0	0	0		0	0	0	0	0		0	0	0	0	0
5		5445486	5445509	440	369	3		5445535	5445570	524	437	4		5445603	5445633	431	349	5		5445676	5445718	637	626	11		5445975	5445997	675	644	2		0	0	0	0	0		0	0	0	0	0		0	0	0	0	0		0	0	0	0	0		0	0	0	0	0		0	0	0	0	0		0	0	0	0	0		0	0	0	0	0
2		5447633	5447674	335	517	8		5447914	5447929	304	526	1		0	0	0	0	0		0	0	0	0	0		0	0	0	0	0		0	0	0	0	0		0	0	0	0	0		0	0	0	0	0		0	0	0	0	0		0	0	0	0	0		0	0	0	0	0		0	0	0	0	0		0	0	0	0	0
2		5449543	5449582	707	505	8		5449796	5449813	744	517	1		0	0	0	0	0		0	0	0	0	0		0	0	0	0	0		0	0	0	0	0		0	0	0	0	0		0	0	0	0	0		0	0	0	0	0		0	0	0	0	0		0	0	0	0	0		0	0	0	0	0		0	0	0	0	0
6		5451622	5451651	578	507	4		5451808	5451851	443	373	6		5451972	5451995	439	283	3		5452171	5452221	249	414	8		5452349	5452374	237	310	3		5452523	5452541	196	315	1		0	0	0	0	0		0	0	0	0	0		0	0	0	0	0		0	0	0	0	0		0	0	0	0	0		0	0	0	0	0		0	0	0	0	0
1		5454175	5454219	511	658	9		0	0	0	0	0		0	0	0	0	0		0	0	0	0	0		0	0	0	0	0		0	0	0	0	0		0	0	0	0	0		0	0	0	0	0		0	0	0	0	0		0	0	0	0	0		0	0	0	0	0		0	0	0	0	0		0	0	0	0	0
5		5456411	5456456	282	386	7		5456610	5456632	307	311	3		5456914	5456938	248	290	2		5457047	5457097	610	304	12		5457288	5457312	716	303	4		0	0	0	0	0		0	0	0	0	0		0	0	0	0	0		0	0	0	0	0		0	0	0	0	0		0	0	0	0	0		0	0	0	0	0		0	0	0	0	0
6		5459084	5459113	564	555	4		5459256	5459278	508	599	2		5459423	5459457	681	625	6		5459601	5459640	746	485	5		5459816	5459864	553	321	8		5459974	5460022	865	319	10		0	0	0	0	0		0	0	0	0	0		0	0	0	0	0		0	0	0	0	0		0	0	0	0	0		0	0	0	0	0		0	0	0	0	0
1		5461909	5461955	310	319	8		0	0	0	0	0		0	0	0	0	0		0	0	0	0	0		0	0	0	0	0		0	0	0	0	0		0	0	0	0	0		0	0	0	0	0		0	0	0	0	0		0	0	0	0	0		0	0	0	0	0		0	0	0	0	0		0	0	0	0	0
4		5464487	5464519	452	294	4		5464738	5464781	585	551	10		5464954	5465001	284	534	10		5465398	5465408	302	537	1		0	0	0	0	0		0	0	0	0	0		0	0	0	0	0		0	0	0	0	0		0	0	0	0	0		0	0	0	0	0		0	0	0	0	0		0	0	0	0	0		0	0	0	0	0
17		5466971	5467005	379	412	4		5467169	5467191	342	496	3		5467346	5467410	308	185	11		5467594	5467672	841	231	18		5467914	5467946	765	340	5		5468088	5468122	809	514	6		5468294	5468329	676	633	6		5468465	5468507	404	649	8		5468772	5468794	488	647	3		5468868	5468915	182	539	11		5469133	5469158	270	450	4		5469306	5469347	229	307	5		5469545	5469584	397	261	6
5		5472152	5472188	344	472	6		5472392	5472417	287	404	3		5472455	5472506	746	285	16		5472685	5472716	819	144	6		5472785	5472821	699	320	7		0	0	0	0	0		0	0	0	0	0		0	0	0	0	0		0	0	0	0	0		0	0	0	0	0		0	0	0	0	0		0	0	0	0	0		0	0	0	0	0
2		5486785	5486837	716	243	9		5486961	5486984	795	133	4		0	0	0	0	0		0	0	0	0	0		0	0	0	0	0		0	0	0	0	0		0	0	0	0	0		0	0	0	0	0		0	0	0	0	0		0	0	0	0	0		0	0	0	0	0		0	0	0	0	0		0	0	0	0	0
6		5488636	5488660	482	313	3		5488849	5488890	235	358	9		5489081	5489121	288	584	7		5489299	5489362	671	531	13		5489410	5489475	156	630	18		5489608	5489630	85	657	2		0	0	0	0	0		0	0	0	0	0		0	0	0	0	0		0	0	0	0	0		0	0	0	0	0		0	0	0	0	0		0	0	0	0	0
2		5491704	5491747	251	404	9		5492026	5492039	223	398	1		0	0	0	0	0		0	0	0	0	0		0	0	0	0	0		0	0	0	0	0		0	0	0	0	0		0	0	0	0	0		0	0	0	0	0		0	0	0	0	0		0	0	0	0	0		0	0	0	0	0		0	0	0	0	0
2		5494245	5494292	250	395	9		5494534	5494554	224	398	1		0	0	0	0	0		0	0	0	0	0		0	0	0	0	0		0	0	0	0	0		0	0	0	0	0		0	0	0	0	0		0	0	0	0	0		0	0	0	0	0		0	0	0	0	0		0	0	0	0	0		0	0	0	0	0
2		5496419	5496469	860	404	12		5496599	5496621	924	394	2		0	0	0	0	0		0	0	0	0	0		0	0	0	0	0		0	0	0	0	0		0	0	0	0	0		0	0	0	0	0		0	0	0	0	0		0	0	0	0	0		0	0	0	0	0		0	0	0	0	0		0	0	0	0	0
2		5498626	5498669	281	538	9		5498768	5498799	238	602	2		0	0	0	0	0		0	0	0	0	0		0	0	0	0	0		0	0	0	0	0		0	0	0	0	0		0	0	0	0	0		0	0	0	0	0		0	0	0	0	0		0	0	0	0	0		0	0	0	0	0		0	0	0	0	0
4		5500628	5500669	303	385	7		5500797	5500823	275	514	4		5501017	5501064	542	633	10		5501217	5501236	518	642	1		0	0	0	0	0		0	0	0	0	0		0	0	0	0	0		0	0	0	0	0		0	0	0	0	0		0	0	0	0	0		0	0	0	0	0		0	0	0	0	0		0	0	0	0	0
3		5503933	5503991	200	149	14		5504097	5504118	124	139	2		5504362	5504379	98	129	1		0	0	0	0	0		0	0	0	0	0		0	0	0	0	0		0	0	0	0	0		0	0	0	0	0		0	0	0	0	0		0	0	0	0	0		0	0	0	0	0		0	0	0	0	0		0	0	0	0	0
3		5506239	5506273	530	562	6		5506374	5506419	874	513	11		5506565	5506582	859	529	1		0	0	0	0	0		0	0	0	0	0		0	0	0	0	0		0	0	0	0	0		0	0	0	0	0		0	0	0	0	0		0	0	0	0	0		0	0	0	0	0		0	0	0	0	0		0	0	0	0	0
3		5508375	5508400	516	285	3		5508422	5508458	777	262	9		5508601	5508620	728	280	2		0	0	0	0	0		0	0	0	0	0		0	0	0	0	0		0	0	0	0	0		0	0	0	0	0		0	0	0	0	0		0	0	0	0	0		0	0	0	0	0		0	0	0	0	0		0	0	0	0	0
9		5510977	5511015	373	450	5		5511127	5511158	439	613	6		5511349	5511398	224	598	7		5511541	5511564	167	598	2		5511639	5511689	417	251	15		5511738	5511764	323	180	3		5511966	5512024	718	347	14		5512256	5512295	832	530	7		5512466	5512492	784	636	4		0	0	0	0	0		0	0	0	0	0		0	0	0	0	0		0	0	0	0	0
2		5514577	5514616	708	504	8		5514901	5515054	749	525	2		0	0	0	0	0		0	0	0	0	0		0	0	0	0	0		0	0	0	0	0		0	0	0	0	0		0	0	0	0	0		0	0	0	0	0		0	0	0	0	0		0	0	0	0	0		0	0	0	0	0		0	0	0	0	0
6		5516799	5516853	435	278	5		5517050	5517089	275	382	6		5517188	5517219	334	518	5		5517408	5517454	628	506	10		5517596	5517620	571	595	4		5517765	5517786	509	630	2		0	0	0	0	0		0	0	0	0	0		0	0	0	0	0		0	0	0	0	0		0	0	0	0	0		0	0	0	0	0		0	0	0	0	0
2		5520081	5520129	379	202	7		5520251	5520270	348	153	2		0	0	0	0	0		0	0	0	0	0		0	0	0	0	0		0	0	0	0	0		0	0	0	0	0		0	0	0	0	0		0	0	0	0	0		0	0	0	0	0		0	0	0	0	0		0	0	0	0	0		0	0	0	0	0
1		5522907	5522957	282	159	10		0	0	0	0	0		0	0	0	0	0		0	0	0	0	0		0	0	0	0	0		0	0	0	0	0		0	0	0	0	0		0	0	0	0	0		0	0	0	0	0		0	0	0	0	0		0	0	0	0	0		0	0	0	0	0		0	0	0	0	0
4		5525200	5525245	288	504	9		5525310	5525347	149	635	6		5525470	5525489	96	628	2		5525760	5525916	82	653	1		0	0	0	0	0		0	0	0	0	0		0	0	0	0	0		0	0	0	0	0		0	0	0	0	0		0	0	0	0	0		0	0	0	0	0		0	0	0	0	0		0	0	0	0	0
2		5527673	5527717	639	656	10		5528000	5528018	648	634	1		0	0	0	0	0		0	0	0	0	0		0	0	0	0	0		0	0	0	0	0		0	0	0	0	0		0	0	0	0	0		0	0	0	0	0		0	0	0	0	0		0	0	0	0	0		0	0	0	0	0		0	0	0	0	0
2		5529847	5529891	804	356	9		5530087	5530106	809	323	2		0	0	0	0	0		0	0	0	0	0		0	0	0	0	0		0	0	0	0	0		0	0	0	0	0		0	0	0	0	0		0	0	0	0	0		0	0	0	0	0		0	0	0	0	0		0	0	0	0	0		0	0	0	0	0
1		5532288	5532337	146	288	13		0	0	0	0	0		0	0	0	0	0		0	0	0	0	0		0	0	0	0	0		0	0	0	0	0		0	0	0	0	0		0	0	0	0	0		0	0	0	0	0		0	0	0	0	0		0	0	0	0	0		0	0	0	0	0		0	0	0	0	0
4		5534725	5534769	274	384	8		5534929	5534988	671	625	15		5535130	5535163	892	636	7		5535409	5535430	952	632	1		0	0	0	0	0		0	0	0	0	0		0	0	0	0	0		0	0	0	0	0		0	0	0	0	0		0	0	0	0	0		0	0	0	0	0		0	0	0	0	0		0	0	0	0	0
1		5537130	5537171	319	516	9		0	0	0	0	0		0	0	0	0	0		0	0	0	0	0		0	0	0	0	0		0	0	0	0	0		0	0	0	0	0		0	0	0	0	0		0	0	0	0	0		0	0	0	0	0		0	0	0	0	0		0	0	0	0	0		0	0	0	0	0
6		5539123	5539151	522	264	4		5539323	5539342	541	204	2		5539451	5539496	819	384	11		5539704	5539742	827	568	6		5539862	5539889	875	664	3		5540047	5540068	950	628	3		0	0	0	0	0		0	0	0	0	0		0	0	0	0	0		0	0	0	0	0		0	0	0	0	0		0	0	0	0	0		0	0	0	0	0
2		5541726	5541756	531	222	5		5541976	5541985	537	194	1		0	0	0	0	0		0	0	0	0	0		0	0	0	0	0		0	0	0	0	0		0	0	0	0	0		0	0	0	0	0		0	0	0	0	0		0	0	0	0	0		0	0	0	0	0		0	0	0	0	0		0	0	0	0	0
2		5545481	5545535	893	618	14		5545667	5545687	952	653	3		0	0	0	0	0		0	0	0	0	0		0	0	0	0	0		0	0	0	0	0		0	0	0	0	0		0	0	0	0	0		0	0	0	0	0		0	0	0	0	0		0	0	0	0	0		0	0	0	0	0		0	0	0	0	0
7		5547821	5547864	695	602	9		5548100	5548153	796	375	8		5548361	5548396	663	214	7		5548519	5548566	434	217	8		5548688	5548714	558	220	5		5548804	5548827	654	210	3		5549098	5549114	664	212	1		0	0	0	0	0		0	0	0	0	0		0	0	0	0	0		0	0	0	0	0		0	0	0	0	0		0	0	0	0	0
2		5551052	5551097	159	295	12		5551447	5551469	126	282	1		0	0	0	0	0		0	0	0	0	0		0	0	0	0	0		0	0	0	0	0		0	0	0	0	0		0	0	0	0	0		0	0	0	0	0		0	0	0	0	0		0	0	0	0	0		0	0	0	0	0		0	0	0	0	0
0		0	0	0	0	0		0	0	0	0	0		0	0	0	0	0		0	0	0	0	0		0	0	0	0	0		0	0	0	0	0		0	0	0	0	0		0	0	0	0	0		0	0	0	0	0		0	0	0	0	0		0	0	0	0	0		0	0	0	0	0		0	0	0	0	0
6		5560992	5561168	425	352	3		5561389	5561436	616	553	10		5561631	5561676	363	537	8		5561793	5561816	457	526	3		5561933	5561993	825	516	12		5562240	5562256	870	516	1		0	0	0	0	0		0	0	0	0	0		0	0	0	0	0		0	0	0	0	0		0	0	0	0	0		0	0	0	0	0		0	0	0	0	0
1		5564093	5564135	774	422	9		0	0	0	0	0		0	0	0	0	0		0	0	0	0	0		0	0	0	0	0		0	0	0	0	0		0	0	0	0	0		0	0	0	0	0		0	0	0	0	0		0	0	0	0	0		0	0	0	0	0		0	0	0	0	0		0	0	0	0	0
3		5566507	5566550	764	411	8		5566745	5566779	722	282	5		5566848	5566903	865	516	9		0	0	0	0	0		0	0	0	0	0		0	0	0	0	0		0	0	0	0	0		0	0	0	0	0		0	0	0	0	0		0	0	0	0	0		0	0	0	0	0		0	0	0	0	0		0	0	0	0	0
2		5568881	5568927	851	424	11		5569045	5569066	920	414	2		0	0	0	0	0		0	0	0	0	0		0	0	0	0	0		0	0	0	0	0		0	0	0	0	0		0	0	0	0	0		0	0	0	0	0		0	0	0	0	0		0	0	0	0	0		0	0	0	0	0		0	0	0	0	0
1		5571473	5571520	751	173	11		0	0	0	0	0		0	0	0	0	0		0	0	0	0	0		0	0	0	0	0		0	0	0	0	0		0	0	0	0	0		0	0	0	0	0		0	0	0	0	0		0	0	0	0	0		0	0	0	0	0		0	0	0	0	0		0	0	0	0	0
2		5573776	5573829	938	168	15		5574077	5574089	932	146	1		0	0	0	0	0		0	0	0	0	0		0	0	0	0	0		0	0	0	0	0		0	0	0	0	0		0	0	0	0	0		0	0	0	0	0		0	0	0	0	0		0	0	0	0	0		0	0	0	0	0		0	0	0	0	0
2		5575996	5576036	615	235	6		5576099	5576122	667	120	4		0	0	0	0	0		0	0	0	0	0		0	0	0	0	0		0	0	0	0	0		0	0	0	0	0		0	0	0	0	0		0	0	0	0	0		0	0	0	0	0		0	0	0	0	0		0	0	0	0	0		0	0	0	0	0
0		0	0	0	0	0		0	0	0	0	0		0	0	0	0	0		0	0	0	0	0		0	0	0	0	0		0	0	0	0	0		0	0	0	0	0		0	0	0	0	0		0	0	0	0	0		0	0	0	0	0		0	0	0	0	0		0	0	0	0	0		0	0	0	0	0
2		5581384	5581436	87	380	14		5581776	5581794	67	377	1		0	0	0	0	0		0	0	0	0	0		0	0	0	0	0		0	0	0	0	0		0	0	0	0	0		0	0	0	0	0		0	0	0	0	0		0	0	0	0	0		0	0	0	0	0		0	0	0	0	0		0	0	0	0	0
4		5583595	5583640	674	285	7		5583809	5583850	819	133	7		5583913	5583937	915	149	3		5584116	5584127	929	142	1		0	0	0	0	0		0	0	0	0	0		0	0	0	0	0		0	0	0	0	0		0	0	0	0	0		0	0	0	0	0		0	0	0	0	0		0	0	0	0	0		0	0	0	0	0
11		5586115	5586157	275	369	8		5586339	5586388	629	485	13		5586694	5586737	773	362	7		5586859	5586886	715	282	3		5586963	5587014	920	188	7		5587112	5587177	215	145	23		5587349	5587407	594	186	13		5587527	5587546	545	169	2		5587799	5587811	520	163	1		5588006	5588018	527	181	1		5588071	5588191	528	131	3		0	0	0	0	0		0	0	0	0	0
5		5590035	5590055	567	381	2		5590189	5590231	747	603	10		5590445	5590480	585	628	6		5590639	5590679	372	645	7		5590878	5591101	373	667	1		0	0	0	0	0		0	0	0	0	0		0	0	0	0	0		0	0	0	0	0		0	0	0	0	0		0	0	0	0	0		0	0	0	0	0		0	0	0	0	0
2		5593209	5593268	621	188	7		5593416	5593436	650	129	2		0	0	0	0	0		0	0	0	0	0		0	0	0	0	0		0	0	0	0	0		0	0	0	0	0		0	0	0	0	0		0	0	0	0	0		0	0	0	0	0		0	0	0	0	0		0	0	0	0	0		0	0	0	0	0
0		0	0	0	0	0		0	0	0	0	0		0	0	0	0	0		0	0	0	0	0		0	0	0	0	0		0	0	0	0	0		0	0	0	0	0		0	0	0	0	0		0	0	0	0	0		0	0	0	0	0		0	0	0	0	0		0	0	0	0	0		0	0	0	0	0
6		5598361	5598403	314	359	7		5598573	5598610	208	518	6		5598790	5598825	105	626	5		5598928	5599005	839	334	26		5599247	5599285	821	531	6		5599370	5599412	947	396	6		0	0	0	0	0		0	0	0	0	0		0	0	0	0	0		0	0	0	0	0		0	0	0	0	0		0	0	0	0	0		0	0	0	0	0
2		5601529	5601582	907	626	15		5601933	5601951	953	628	1		0	0	0	0	0		0	0	0	0	0		0	0	0	0	0		0	0	0	0	0		0	0	0	0	0		0	0	0	0	0		0	0	0	0	0		0	0	0	0	0		0	0	0	0	0		0	0	0	0	0		0	0	0	0	0
8		5603591	5603635	766	642	12		5603867	5603890	665	656	4		5604048	5604086	507	643	5		5604224	5604259	351	641	5		5604437	5604479	165	606	6		5604567	5604608	248	392	7		5604791	5604814	142	399	3		5605082	5605105	90	396	1		0	0	0	0	0		0	0	0	0	0		0	0	0	0	0		0	0	0	0	0		0	0	0	0	0
2		5607014	5607069	153	167	14		5607214	5607236	87	142	2		0	0	0	0	0		0	0	0	0	0		0	0	0	0	0		0	0	0	0	0		0	0	0	0	0		0	0	0	0	0		0	0	0	0	0		0	0	0	0	0		0	0	0	0	0		0	0	0	0	0		0	0	0	0	0
6		5609026	5609071	300	186	10		5609297	5609353	647	560	18		5609549	5609588	879	619	7		5609671	5609701	712	646	5		5609863	5609885	655	662	2		5610233	5610424	646	615	2		0	0	0	0	0		0	0	0	0	0		0	0	0	0	0		0	0	0	0	0		0	0	0	0	0		0	0	0	0	0		0	0	0	0	0
2		5612494	5612530	547	224	6		5612723	5612746	539	124	3		0	0	0	0	0		0	0	0	0	0		0	0	0	0	0		0	0	0	0	0		0	0	0	0	0		0	0	0	0	0		0	0	0	0	0		0	0	0	0	0		0	0	0	0	0		0	0	0	0	0		0	0	0	0	0
2		5614571	5614619	149	500	13		5614842	5615049	179	508	1		0	0	0	0	0		0	0	0	0	0		0	0	0	0	0		0	0	0	0	0		0	0	0	0	0		0	0	0	0	0		0	0	0	0	0		0	0	0	0	0		0	0	0	0	0		0	0	0	0	0		0	0	0	0	0
4		5616755	5617005	132	585	14		5617111	5617133	105	635	2		5617401	5617453	474	447	13		5617654	5617714	120	616	13		0	0	0	0	0		0	0	0	0	0		0	0	0	0	0		0	0	0	0	0		0	0	0	0	0		0	0	0	0	0		0	0	0	0	0		0	0	0	0	0		0	0	0	0	0
3		5619940	5619982	306	377	7		5620169	5620187	250	394	1		5620337	5620480	248	400	1		0	0	0	0	0		0	0	0	0	0		0	0	0	0	0		0	0	0	0	0		0	0	0	0	0		0	0	0	0	0		0	0	0	0	0		0	0	0	0	0		0	0	0	0	0		0	0	0	0	0
3		5622047	5622090	293	404	7		5622194	5622219	304	511	4		5622585	5622609	322	504	1		0	0	0	0	0		0	0	0	0	0		0	0	0	0	0		0	0	0	0	0		0	0	0	0	0		0	0	0	0	0		0	0	0	0	0		0	0	0	0	0		0	0	0	0	0		0	0	0	0	0
6		5624041	5624083	288	485	8		5624248	5624262	315	511	1		5624346	5624373	198	529	4		5624502	5624564	279	217	10		5624682	5624702	213	227	2		5624931	5624952	180	216	1		0	0	0	0	0		0	0	0	0	0		0	0	0	0	0		0	0	0	0	0		0	0	0	0	0		0	0	0	0	0		0	0	0	0	0
3		5626607	5626653	240	363	9		5626822	5626856	182	252	4		5627001	5627029	278	127	5		0	0	0	0	0		0	0	0	0	0		0	0	0	0	0		0	0	0	0	0		0	0	0	0	0		0	0	0	0	0		0	0	0	0	0		0	0	0	0	0		0	0	0	0	0		0	0	0	0	0
3		5630186	5630227	319	385	7		5630352	5630401	729	426	14		5630546	5630566	789	410	2		0	0	0	0	0		0	0	0	0	0		0	0	0	0	0		0	0	0	0	0		0	0	0	0	0		0	0	0	0	0		0	0	0	0	0		0	0	0	0	0		0	0	0	0	0		0	0	0	0	0
1		5632822	5632866	792	653	12		0	0	0	0	0		0	0	0	0	0		0	0	0	0	0		0	0	0	0	0		0	0	0	0	0		0	0	0	0	0		0	0	0	0	0		0	0	0	0	0		0	0	0	0	0		0	0	0	0	0		0	0	0	0	0		0	0	0	0	0
5		5638844	5638880	341	392	5		5639029	5639049	347	329	2		5639122	5639165	582	523	10		5639289	5639349	337	128	15		5639460	5639482	286	140	2		0	0	0	0	0		0	0	0	0	0		0	0	0	0	0		0	0	0	0	0		0	0	0	0	0		0	0	0	0	0		0	0	0	0	0		0	0	0	0	0
7		5641693	5641734	284	405	8		5641892	5641917	340	304	4		5642054	5642078	312	129	6		5642214	5642261	535	398	12		5642475	5642502	614	537	5		5642644	5642701	862	328	11		5642909	5642945	787	150	6		0	0	0	0	0		0	0	0	0	0		0	0	0	0	0		0	0	0	0	0		0	0	0	0	0		0	0	0	0	0
4		5644743	5644779	452	278	4		5644914	5644937	405	217	3		5645012	5645079	376	581	13		5645210	5645233	280	660	4		0	0	0	0	0		0	0	0	0	0		0	0	0	0	0		0	0	0	0	0		0	0	0	0	0		0	0	0	0	0		0	0	0	0	0		0	0	0	0	0		0	0	0	0	0
4		5647084	5647127	293	368	7		5647194	5647227	341	285	3		5647371	5647438	820	316	16		5647736	5647758	867	320	1		0	0	0	0	0		0	0	0	0	0		0	0	0	0	0		0	0	0	0	0		0	0	0	0	0		0	0	0	0	0		0	0	0	0	0		0	0	0	0	0		0	0	0	0	0
6		5649717	5649760	642	341	5		5649988	5650028	624	566	7		5650201	5650225	733	565	4		5650329	5650360	809	653	4		5650499	5650572	282	613	18		5650781	5650804	154	645	4		0	0	0	0	0		0	0	0	0	0		0	0	0	0	0		0	0	0	0	0		0	0	0	0	0		0	0	0	0	0		0	0	0	0	0
2		5652749	5652786	531	639	8		5653020	5653034	520	664	1		0	0	0	0	0		0	0	0	0	0		0	0	0	0	0		0	0	0	0	0		0	0	0	0	0		0	0	0	0	0		0	0	0	0	0		0	0	0	0	0		0	0	0	0	0		0	0	0	0	0		0	0	0	0	0
2		5654947	5654987	346	425	6		5655082	5655103	267	398	3		0	0	0	0	0		0	0	0	0	0		0	0	0	0	0		0	0	0	0	0		0	0	0	0	0		0	0	0	0	0		0	0	0	0	0		0	0	0	0	0		0	0	0	0	0		0	0	0	0	0		0	0	0	0	0
3		5656901	5656930	587	409	2		5656974	5657004	717	546	6		5657324	5657336	745	536	1		0	0	0	0	0		0	0	0	0	0		0	0	0	0	0		0	0	0	0	0		0	0	0	0	0		0	0	0	0	0		0	0	0	0	0		0	0	0	0	0		0	0	0	0	0		0	0	0	0	0
2		5659267	5659308	741	502	8		5659466	5659491	860	517	4		0	0	0	0	0		0	0	0	0	0		0	0	0	0	0		0	0	0	0	0		0	0	0	0	0		0	0	0	0	0		0	0	0	0	0		0	0	0	0	0		0	0	0	0	0		0	0	0	0	0		0	0	0	0	0
1		5662838	5663063	304	162	11		0	0	0	0	0		0	0	0	0	0		0	0	0	0	0		0	0	0	0	0		0	0	0	0	0		0	0	0	0	0		0	0	0	0	0		0	0	0	0	0		0	0	0	0	0		0	0	0	0	0		0	0	0	0	0		0	0	0	0	0
0		0	0	0	0	0		0	0	0	0	0		0	0	0	0	0		0	0	0	0	0		0	0	0	0	0		0	0	0	0	0		0	0	0	0	0		0	0	0	0	0		0	0	0	0	0		0	0	0	0	0		0	0	0	0	0		0	0	0	0	0		0	0	0	0	0
2		5668094	5668131	689	517	7		5668306	5668326	739	520	2		0	0	0	0	0		0	0	0	0	0		0	0	0	0	0		0	0	0	0	0		0	0	0	0	0		0	0	0	0	0		0	0	0	0	0		0	0	0	0	0		0	0	0	0	0		0	0	0	0	0		0	0	0	0	0
2		5670268	5670320	818	311	11		5670502	5670524	839	331	1		0	0	0	0	0		0	0	0	0	0		0	0	0	0	0		0	0	0	0	0		0	0	0	0	0		0	0	0	0	0		0	0	0	0	0		0	0	0	0	0		0	0	0	0	0		0	0	0	0	0		0	0	0	0	0
4		5672411	5672436	528	514	3		5672498	5672547	290	404	9		5672607	5672635	231	506	4		5672766	5672785	167	513	2		0	0	0	0	0		0	0	0	0	0		0	0	0	0	0		0	0	0	0	0		0	0	0	0	0		0	0	0	0	0		0	0	0	0	0		0	0	0	0	0		0	0	0	0	0
0		0	0	0	0	0		0	0	0	0	0		0	0	0	0	0		0	0	0	0	0		0	0	0	0	0		0	0	0	0	0		0	0	0	0	0		0	0	0	0	0		0	0	0	0	0		0	0	0	0	0		0	0	0	0	0		0	0	0	0	0		0	0	0	0	0
1		5675806	5675848	676	328	6		0	0	0	0	0		0	0	0	0	0		0	0	0	0	0		0	0	0	0	0		0	0	0	0	0		0	0	0	0	0		0	0	0	0	0		0	0	0	0	0		0	0	0	0	0		0	0	0	0	0		0	0	0	0	0		0	0	0	0	0
5		5678089	5678131	311	405	6		5678287	5678323	234	530	5		5678540	5678609	794	562	18		5678782	5678849	162	172	24		5679001	5679020	148	176	1		0	0	0	0	0		0	0	0	0	0		0	0	0	0	0		0	0	0	0	0		0	0	0	0	0		0	0	0	0	0		0	0	0	0	0		0	0	0	0	0
4		5681395	5681436	287	366	7		5681533	5681576	240	177	6		5681674	5681694	158	179	2		5682018	5682028	131	165	1		0	0	0	0	0		0	0	0	0	0		0	0	0	0	0		0	0	0	0	0		0	0	0	0	0		0	0	0	0	0		0	0	0	0	0		0	0	0	0	0		0	0	0	0	0
5		5683762	5683816	182	179	13		5683915	5683936	150	191	1		5684038	5684083	335	511	12		5684318	5684345	297	637	4		5684615	5684672	594	456	12		0	0	0	0	0		0	0	0	0	0		0	0	0	0	0		0	0	0	0	0		0	0	0	0	0		0	0	0	0	0		0	0	0	0	0		0	0	0	0	0
0		0	0	0	0	0		0	0	0	0	0		0	0	0	0	0		0	0	0	0	0		0	0	0	0	0		0	0	0	0	0		0	0	0	0	0		0	0	0	0	0		0	0	0	0	0		0	0	0	0	0		0	0	0	0	0		0	0	0	0	0		0	0	0	0	0
5		5687874	5687908	513	560	5		5688054	5688094	351	632	6		5688199	5688232	259	629	3		5688295	5688354	662	302	17		5688563	5688593	629	165	5		0	0	0	0	0		0	0	0	0	0		0	0	0	0	0		0	0	0	0	0		0	0	0	0	0		0	0	0	0	0		0	0	0	0	0		0	0	0	0	0
6		5690309	5690354	588	182	6		5690501	5690554	363	433	11		5690632	5690664	333	509	3		5690861	5690918	643	501	11		5691072	5691122	822	385	7		5691220	5691244	911	429	3		0	0	0	0	0		0	0	0	0	0		0	0	0	0	0		0	0	0	0	0		0	0	0	0	0		0	0	0	0	0		0	0	0	0	0
3		5693061	5693112	779	631	12		5693451	5693472	813	633	1		5693743	5693751	783	622	1		0	0	0	0	0		0	0	0	0	0		0	0	0	0	0		0	0	0	0	0		0	0	0	0	0		0	0	0	0	0		0	0	0	0	0		0	0	0	0	0		0	0	0	0	0		0	0	0	0	0
3		5695311	5695348	412	275	5		5695489	5695535	226	479	9		5695676	5695696	175	499	2		0	0	0	0	0		0	0	0	0	0		0	0	0	0	0		0	0	0	0	0		0	0	0	0	0		0	0	0	0	0		0	0	0	0	0		0	0	0	0	0		0	0	0	0	0		0	0	0	0	0
2		5697710	5697741	428	295	4		5697885	5697921	294	288	5		0	0	0	0	0		0	0	0	0	0		0	0	0	0	0		0	0	0	0	0		0	0	0	0	0		0	0	0	0	0		0	0	0	0	0		0	0	0	0	0		0	0	0	0	0		0	0	0	0	0		0	0	0	0	0
3		5699583	5699609	548	288	4		5699681	5699727	897	187	12		5699901	5699922	960	155	2		0	0	0	0	0		0	0	0	0	0		0	0	0	0	0		0	0	0	0	0		0	0	0	0	0		0	0	0	0	0		0	0	0	0	0		0	0	0	0	0		0	0	0	0	0		0	0	0	0	0
6		5701494	5701535	280	397	7		5701731	5701754	261	390	1		5701795	5701819	289	285	4		5701963	5702017	845	317	18		5702259	5702300	957	163	6		5702577	5702598	950	148	1		0	0	0	0	0		0	0	0	0	0		0	0	0	0	0		0	0	0	0	0		0	0	0	0	0		0	0	0	0	0		0	0	0	0	0
