3		4205972	4206018	431	330	4		4206158	4206232	96	152	14		4207358	4207436	543	409	19		0	0	0	0	0		0	0	0	0	0		0	0	0	0	0		0	0	0	0	0		0	0	0	0	0		0	0	0	0	0		0	0	0	0	0		0	0	0	0	0		0	0	0	0	0		0	0	0	0	0		0	0	0	0	0		0	0	0	0	0		0	0	0	0	0		0	0	0	0	0		0	0	0	0	0		0	0	0	0	0		0	0	0	0	0		0	0	0	0	0		0	0	0	0	0		0	0	0	0	0		0	0	0	0	0		0	0	0	0	0		0	0	0	0	0		0	0	0	0	0		0	0	0	0	0
4		4211975	4212031	757	395	10		4212164	4212218	566	404	8		4212275	4212331	886	377	13		4212834	4212902	594	397	12		0	0	0	0	0		0	0	0	0	0		0	0	0	0	0		0	0	0	0	0		0	0	0	0	0		0	0	0	0	0		0	0	0	0	0		0	0	0	0	0		0	0	0	0	0		0	0	0	0	0		0	0	0	0	0		0	0	0	0	0		0	0	0	0	0		0	0	0	0	0		0	0	0	0	0		0	0	0	0	0		0	0	0	0	0		0	0	0	0	0		0	0	0	0	0		0	0	0	0	0		0	0	0	0	0		0	0	0	0	0		0	0	0	0	0		0	0	0	0	0
10		4221363	4221417	761	314	10		4221510	4221559	877	198	6		4221738	4221831	178	163	27		4221994	4222069	280	549	15		4222220	4222292	727	540	17		4222415	4222480	601	335	9		4222594	4222641	469	346	5		4223048	4223076	361	303	4		4223235	4223295	595	277	10		4223969	4224172	603	231	2		0	0	0	0	0		0	0	0	0	0		0	0	0	0	0		0	0	0	0	0		0	0	0	0	0		0	0	0	0	0		0	0	0	0	0		0	0	0	0	0		0	0	0	0	0		0	0	0	0	0		0	0	0	0	0		0	0	0	0	0		0	0	0	0	0		0	0	0	0	0		0	0	0	0	0		0	0	0	0	0		0	0	0	0	0		0	0	0	0	0
7		4227981	4228014	591	279	6		4228140	4228184	726	268	5		4228288	4228330	820	271	3		4228403	4228467	579	152	11		4228607	4228689	453	593	18		4228849	4228914	200	624	10		4229448	4229510	459	368	14		0	0	0	0	0		0	0	0	0	0		0	0	0	0	0		0	0	0	0	0		0	0	0	0	0		0	0	0	0	0		0	0	0	0	0		0	0	0	0	0		0	0	0	0	0		0	0	0	0	0		0	0	0	0	0		0	0	0	0	0		0	0	0	0	0		0	0	0	0	0		0	0	0	0	0		0	0	0	0	0		0	0	0	0	0		0	0	0	0	0		0	0	0	0	0		0	0	0	0	0		0	0	0	0	0
2		4232980	4233035	728	498	10		4233555	4233618	497	358	11		0	0	0	0	0		0	0	0	0	0		0	0	0	0	0		0	0	0	0	0		0	0	0	0	0		0	0	0	0	0		0	0	0	0	0		0	0	0	0	0		0	0	0	0	0		0	0	0	0	0		0	0	0	0	0		0	0	0	0	0		0	0	0	0	0		0	0	0	0	0		0	0	0	0	0		0	0	0	0	0		0	0	0	0	0		0	0	0	0	0		0	0	0	0	0		0	0	0	0	0		0	0	0	0	0		0	0	0	0	0		0	0	0	0	0		0	0	0	0	0		0	0	0	0	0		0	0	0	0	0
14		4236701	4236759	809	302	12		4236939	4237008	470	268	14		4237171	4237240	472	564	11		4237338	4237395	674	598	8		4237551	4237604	863	518	8		4237723	4237813	216	562	25		4237954	4238017	125	375	8		4238107	4238167	174	181	8		4238263	4238322	395	172	9		4238416	4238476	653	170	10		4238736	4238803	436	418	13		4238975	4239034	284	516	7		4239226	4239288	101	651	8		4239639	4239718	518	362	19		0	0	0	0	0		0	0	0	0	0		0	0	0	0	0		0	0	0	0	0		0	0	0	0	0		0	0	0	0	0		0	0	0	0	0		0	0	0	0	0		0	0	0	0	0		0	0	0	0	0		0	0	0	0	0		0	0	0	0	0		0	0	0	0	0		0	0	0	0	0
6		4241741	4241954	522	328	2		4242230	4242299	206	582	15		4242487	4242551	246	332	10		4242716	4242759	290	360	2		4242783	4242848	135	611	11		4243463	4243531	515	371	17		0	0	0	0	0		0	0	0	0	0		0	0	0	0	0		0	0	0	0	0		0	0	0	0	0		0	0	0	0	0		0	0	0	0	0		0	0	0	0	0		0	0	0	0	0		0	0	0	0	0		0	0	0	0	0		0	0	0	0	0		0	0	0	0	0		0	0	0	0	0		0	0	0	0	0		0	0	0	0	0		0	0	0	0	0		0	0	0	0	0		0	0	0	0	0		0	0	0	0	0		0	0	0	0	0		0	0	0	0	0
5		4245589	4245659	180	587	16		4245839	4245889	352	375	11		4246092	4246163	161	646	13		4246398	4246436	118	639	2		4246847	4246904	482	386	17		0	0	0	0	0		0	0	0	0	0		0	0	0	0	0		0	0	0	0	0		0	0	0	0	0		0	0	0	0	0		0	0	0	0	0		0	0	0	0	0		0	0	0	0	0		0	0	0	0	0		0	0	0	0	0		0	0	0	0	0		0	0	0	0	0		0	0	0	0	0		0	0	0	0	0		0	0	0	0	0		0	0	0	0	0		0	0	0	0	0		0	0	0	0	0		0	0	0	0	0		0	0	0	0	0		0	0	0	0	0		0	0	0	0	0
16		4258401	4258462	274	472	10		4258651	4258706	133	646	8		4258816	4258878	454	448	15		4259040	4259093	641	314	8		4259298	4259370	313	242	14		4259517	4259571	555	161	10		4259700	4259760	805	162	9		4259892	4259980	720	689	20		4260082	4260145	491	624	9		4260325	4260371	621	632	5		4260939	4261014	353	350	16		4261174	4261236	153	438	8		4261389	4261459	506	578	15		4261515	4261575	231	520	11		4261756	4261794	165	512	2		4262160	4262226	436	359	13		0	0	0	0	0		0	0	0	0	0		0	0	0	0	0		0	0	0	0	0		0	0	0	0	0		0	0	0	0	0		0	0	0	0	0		0	0	0	0	0		0	0	0	0	0		0	0	0	0	0		0	0	0	0	0		0	0	0	0	0
4		4265555	4265618	228	430	11		4265810	4265862	226	287	6		4265953	4266003	363	377	7		4266665	4266711	540	389	7		0	0	0	0	0		0	0	0	0	0		0	0	0	0	0		0	0	0	0	0		0	0	0	0	0		0	0	0	0	0		0	0	0	0	0		0	0	0	0	0		0	0	0	0	0		0	0	0	0	0		0	0	0	0	0		0	0	0	0	0		0	0	0	0	0		0	0	0	0	0		0	0	0	0	0		0	0	0	0	0		0	0	0	0	0		0	0	0	0	0		0	0	0	0	0		0	0	0	0	0		0	0	0	0	0		0	0	0	0	0		0	0	0	0	0		0	0	0	0	0
3		4270256	4270310	329	404	7		4270466	4270516	144	410	6		4270992	4271047	518	399	15		0	0	0	0	0		0	0	0	0	0		0	0	0	0	0		0	0	0	0	0		0	0	0	0	0		0	0	0	0	0		0	0	0	0	0		0	0	0	0	0		0	0	0	0	0		0	0	0	0	0		0	0	0	0	0		0	0	0	0	0		0	0	0	0	0		0	0	0	0	0		0	0	0	0	0		0	0	0	0	0		0	0	0	0	0		0	0	0	0	0		0	0	0	0	0		0	0	0	0	0		0	0	0	0	0		0	0	0	0	0		0	0	0	0	0		0	0	0	0	0		0	0	0	0	0
3		4273097	4273149	382	411	6		4273290	4273345	194	502	7		4273750	4273802	506	367	14		0	0	0	0	0		0	0	0	0	0		0	0	0	0	0		0	0	0	0	0		0	0	0	0	0		0	0	0	0	0		0	0	0	0	0		0	0	0	0	0		0	0	0	0	0		0	0	0	0	0		0	0	0	0	0		0	0	0	0	0		0	0	0	0	0		0	0	0	0	0		0	0	0	0	0		0	0	0	0	0		0	0	0	0	0		0	0	0	0	0		0	0	0	0	0		0	0	0	0	0		0	0	0	0	0		0	0	0	0	0		0	0	0	0	0		0	0	0	0	0		0	0	0	0	0
3		4277168	4277233	249	380	10		4277395	4277440	176	297	4		4277784	4277855	557	416	16		0	0	0	0	0		0	0	0	0	0		0	0	0	0	0		0	0	0	0	0		0	0	0	0	0		0	0	0	0	0		0	0	0	0	0		0	0	0	0	0		0	0	0	0	0		0	0	0	0	0		0	0	0	0	0		0	0	0	0	0		0	0	0	0	0		0	0	0	0	0		0	0	0	0	0		0	0	0	0	0		0	0	0	0	0		0	0	0	0	0		0	0	0	0	0		0	0	0	0	0		0	0	0	0	0		0	0	0	0	0		0	0	0	0	0		0	0	0	0	0		0	0	0	0	0
10		4281310	4281366	313	422	8		4281559	4281621	635	443	13		4281737	4281778	747	407	4		4281863	4281935	453	240	14		4282088	4282145	763	282	12		4282271	4282324	806	160	5		4282433	4282511	367	340	18		4282691	4282758	554	584	12		4282889	4282953	826	606	11		4283418	4283643	506	336	16		0	0	0	0	0		0	0	0	0	0		0	0	0	0	0		0	0	0	0	0		0	0	0	0	0		0	0	0	0	0		0	0	0	0	0		0	0	0	0	0		0	0	0	0	0		0	0	0	0	0		0	0	0	0	0		0	0	0	0	0		0	0	0	0	0		0	0	0	0	0		0	0	0	0	0		0	0	0	0	0		0	0	0	0	0		0	0	0	0	0
23		4286224	4286278	734	505	10		4286470	4286545	319	565	17		4286669	4286736	249	287	11		4286872	4286920	300	188	5		4287005	4287070	597	186	11		4287177	4287239	749	349	9		4287346	4287417	463	578	14		4287531	4287598	222	573	10		4287750	4287825	659	544	17		4287988	4288062	309	425	15		4288209	4288275	643	408	13		4288445	4288490	762	396	5		4288670	4288735	488	393	12		4288882	4288942	779	397	11		4289305	4289379	372	391	17		4289519	4289587	756	396	15		4289894	4289959	330	404	17		4290360	4290429	673	396	14		4290625	4290706	161	398	20		4290861	4290938	718	393	21		4291186	4291244	659	243	6		4291378	4291439	788	423	8		4292040	4292111	445	320	14		0	0	0	0	0		0	0	0	0	0		0	0	0	0	0		0	0	0	0	0		0	0	0	0	0
3		4295770	4295843	209	313	13		4296007	4296055	137	178	6		4296596	4296848	621	371	20		0	0	0	0	0		0	0	0	0	0		0	0	0	0	0		0	0	0	0	0		0	0	0	0	0		0	0	0	0	0		0	0	0	0	0		0	0	0	0	0		0	0	0	0	0		0	0	0	0	0		0	0	0	0	0		0	0	0	0	0		0	0	0	0	0		0	0	0	0	0		0	0	0	0	0		0	0	0	0	0		0	0	0	0	0		0	0	0	0	0		0	0	0	0	0		0	0	0	0	0		0	0	0	0	0		0	0	0	0	0		0	0	0	0	0		0	0	0	0	0		0	0	0	0	0
2		4299054	4299116	852	207	15		4299751	4299921	890	164	2		0	0	0	0	0		0	0	0	0	0		0	0	0	0	0		0	0	0	0	0		0	0	0	0	0		0	0	0	0	0		0	0	0	0	0		0	0	0	0	0		0	0	0	0	0		0	0	0	0	0		0	0	0	0	0		0	0	0	0	0		0	0	0	0	0		0	0	0	0	0		0	0	0	0	0		0	0	0	0	0		0	0	0	0	0		0	0	0	0	0		0	0	0	0	0		0	0	0	0	0		0	0	0	0	0		0	0	0	0	0		0	0	0	0	0		0	0	0	0	0		0	0	0	0	0		0	0	0	0	0
2		4302857	4302911	717	382	8		4303608	4303663	537	402	8		0	0	0	0	0		0	0	0	0	0		0	0	0	0	0		0	0	0	0	0		0	0	0	0	0		0	0	0	0	0		0	0	0	0	0		0	0	0	0	0		0	0	0	0	0		0	0	0	0	0		0	0	0	0	0		0	0	0	0	0		0	0	0	0	0		0	0	0	0	0		0	0	0	0	0		0	0	0	0	0		0	0	0	0	0		0	0	0	0	0		0	0	0	0	0		0	0	0	0	0		0	0	0	0	0		0	0	0	0	0		0	0	0	0	0		0	0	0	0	0		0	0	0	0	0		0	0	0	0	0
2		4308660	4308705	412	403	4		4309350	4309397	571	390	7		0	0	0	0	0		0	0	0	0	0		0	0	0	0	0		0	0	0	0	0		0	0	0	0	0		0	0	0	0	0		0	0	0	0	0		0	0	0	0	0		0	0	0	0	0		0	0	0	0	0		0	0	0	0	0		0	0	0	0	0		0	0	0	0	0		0	0	0	0	0		0	0	0	0	0		0	0	0	0	0		0	0	0	0	0		0	0	0	0	0		0	0	0	0	0		0	0	0	0	0		0	0	0	0	0		0	0	0	0	0		0	0	0	0	0		0	0	0	0	0		0	0	0	0	0		0	0	0	0	0
2		4314772	4314836	781	399	10		4315369	4315429	549	425	9		0	0	0	0	0		0	0	0	0	0		0	0	0	0	0		0	0	0	0	0		0	0	0	0	0		0	0	0	0	0		0	0	0	0	0		0	0	0	0	0		0	0	0	0	0		0	0	0	0	0		0	0	0	0	0		0	0	0	0	0		0	0	0	0	0		0	0	0	0	0		0	0	0	0	0		0	0	0	0	0		0	0	0	0	0		0	0	0	0	0		0	0	0	0	0		0	0	0	0	0		0	0	0	0	0		0	0	0	0	0		0	0	0	0	0		0	0	0	0	0		0	0	0	0	0		0	0	0	0	0
3		4319120	4319180	283	416	9		4319690	4319750	581	393	12		4319967	4320017	533	393	3		0	0	0	0	0		0	0	0	0	0		0	0	0	0	0		0	0	0	0	0		0	0	0	0	0		0	0	0	0	0		0	0	0	0	0		0	0	0	0	0		0	0	0	0	0		0	0	0	0	0		0	0	0	0	0		0	0	0	0	0		0	0	0	0	0		0	0	0	0	0		0	0	0	0	0		0	0	0	0	0		0	0	0	0	0		0	0	0	0	0		0	0	0	0	0		0	0	0	0	0		0	0	0	0	0		0	0	0	0	0		0	0	0	0	0		0	0	0	0	0		0	0	0	0	0
7		4325466	4325539	162	428	14		4325661	4325740	700	378	21		4325875	4325951	346	251	15		4326105	4326180	780	316	17		4326347	4326406	937	415	7		4326872	4326947	569	417	14		4327134	4327169	514	394	2		0	0	0	0	0		0	0	0	0	0		0	0	0	0	0		0	0	0	0	0		0	0	0	0	0		0	0	0	0	0		0	0	0	0	0		0	0	0	0	0		0	0	0	0	0		0	0	0	0	0		0	0	0	0	0		0	0	0	0	0		0	0	0	0	0		0	0	0	0	0		0	0	0	0	0		0	0	0	0	0		0	0	0	0	0		0	0	0	0	0		0	0	0	0	0		0	0	0	0	0		0	0	0	0	0
3		4331120	4331167	587	286	5		4331328	4331371	627	186	4		4331786	4331986	584	381	8		0	0	0	0	0		0	0	0	0	0		0	0	0	0	0		0	0	0	0	0		0	0	0	0	0		0	0	0	0	0		0	0	0	0	0		0	0	0	0	0		0	0	0	0	0		0	0	0	0	0		0	0	0	0	0		0	0	0	0	0		0	0	0	0	0		0	0	0	0	0		0	0	0	0	0		0	0	0	0	0		0	0	0	0	0		0	0	0	0	0		0	0	0	0	0		0	0	0	0	0		0	0	0	0	0		0	0	0	0	0		0	0	0	0	0		0	0	0	0	0		0	0	0	0	0
3		4335371	4335445	187	235	14		4335681	4335708	97	168	4		4336014	4336095	557	401	19		0	0	0	0	0		0	0	0	0	0		0	0	0	0	0		0	0	0	0	0		0	0	0	0	0		0	0	0	0	0		0	0	0	0	0		0	0	0	0	0		0	0	0	0	0		0	0	0	0	0		0	0	0	0	0		0	0	0	0	0		0	0	0	0	0		0	0	0	0	0		0	0	0	0	0		0	0	0	0	0		0	0	0	0	0		0	0	0	0	0		0	0	0	0	0		0	0	0	0	0		0	0	0	0	0		0	0	0	0	0		0	0	0	0	0		0	0	0	0	0		0	0	0	0	0
2		4339728	4339791	863	527	15		4340341	4340584	527	310	16		0	0	0	0	0		0	0	0	0	0		0	0	0	0	0		0	0	0	0	0		0	0	0	0	0		0	0	0	0	0		0	0	0	0	0		0	0	0	0	0		0	0	0	0	0		0	0	0	0	0		0	0	0	0	0		0	0	0	0	0		0	0	0	0	0		0	0	0	0	0		0	0	0	0	0		0	0	0	0	0		0	0	0	0	0		0	0	0	0	0		0	0	0	0	0		0	0	0	0	0		0	0	0	0	0		0	0	0	0	0		0	0	0	0	0		0	0	0	0	0		0	0	0	0	0		0	0	0	0	0
2		4342958	4342997	610	383	4		4343597	4343859	565	388	3		0	0	0	0	0		0	0	0	0	0		0	0	0	0	0		0	0	0	0	0		0	0	0	0	0		0	0	0	0	0		0	0	0	0	0		0	0	0	0	0		0	0	0	0	0		0	0	0	0	0		0	0	0	0	0		0	0	0	0	0		0	0	0	0	0		0	0	0	0	0		0	0	0	0	0		0	0	0	0	0		0	0	0	0	0		0	0	0	0	0		0	0	0	0	0		0	0	0	0	0		0	0	0	0	0		0	0	0	0	0		0	0	0	0	0		0	0	0	0	0		0	0	0	0	0		0	0	0	0	0
15		4348224	4348275	718	381	8		4348380	4348419	792	320	3		4348529	4348588	839	498	7		4348726	4348810	325	362	20		4348908	4348956	348	264	4		4349026	4349094	680	304	13		4349282	4349326	782	363	5		4349403	4349474	555	173	12		4349627	4349694	588	430	10		4349911	4349947	625	398	2		4350162	4350233	311	406	13		4350487	4350552	566	388	11		4350755	4350825	276	498	12		4350977	4351044	598	411	13		4351328	4351374	528	356	4		0	0	0	0	0		0	0	0	0	0		0	0	0	0	0		0	0	0	0	0		0	0	0	0	0		0	0	0	0	0		0	0	0	0	0		0	0	0	0	0		0	0	0	0	0		0	0	0	0	0		0	0	0	0	0		0	0	0	0	0		0	0	0	0	0
16		4355656	4355707	702	401	8		4355914	4355963	879	385	6		4356093	4356158	678	237	10		4356277	4356337	498	171	8		4356422	4356490	755	380	13		4356667	4356751	267	399	19		4357093	4357147	156	288	6		4357295	4357376	683	384	21		4357769	4357822	797	506	6		4357910	4357964	773	364	6		4358227	4358281	773	471	5		4358469	4358528	738	315	6		4358724	4358782	800	420	5		4358837	4358907	593	205	12		4359138	4359201	790	357	10		4359651	4359872	520	369	11		0	0	0	0	0		0	0	0	0	0		0	0	0	0	0		0	0	0	0	0		0	0	0	0	0		0	0	0	0	0		0	0	0	0	0		0	0	0	0	0		0	0	0	0	0		0	0	0	0	0		0	0	0	0	0		0	0	0	0	0
3		4362335	4362627	563	400	3		4362652	4362809	474	468	6		4363332	4363386	545	374	7		0	0	0	0	0		0	0	0	0	0		0	0	0	0	0		0	0	0	0	0		0	0	0	0	0		0	0	0	0	0		0	0	0	0	0		0	0	0	0	0		0	0	0	0	0		0	0	0	0	0		0	0	0	0	0		0	0	0	0	0		0	0	0	0	0		0	0	0	0	0		0	0	0	0	0		0	0	0	0	0		0	0	0	0	0		0	0	0	0	0		0	0	0	0	0		0	0	0	0	0		0	0	0	0	0		0	0	0	0	0		0	0	0	0	0		0	0	0	0	0		0	0	0	0	0
3		4369236	4369303	857	461	14		4369773	4369841	513	376	14		4369954	4370069	514	334	2		0	0	0	0	0		0	0	0	0	0		0	0	0	0	0		0	0	0	0	0		0	0	0	0	0		0	0	0	0	0		0	0	0	0	0		0	0	0	0	0		0	0	0	0	0		0	0	0	0	0		0	0	0	0	0		0	0	0	0	0		0	0	0	0	0		0	0	0	0	0		0	0	0	0	0		0	0	0	0	0		0	0	0	0	0		0	0	0	0	0		0	0	0	0	0		0	0	0	0	0		0	0	0	0	0		0	0	0	0	0		0	0	0	0	0		0	0	0	0	0		0	0	0	0	0
22		4372462	4372522	726	512	10		4372641	4372711	653	214	12		4372923	4372984	761	422	9		4373133	4373191	782	264	6		4373354	4373433	391	492	18		4373588	4373655	705	472	12		4373821	4373894	389	274	15		4374042	4374110	586	545	13		4374304	4374348	468	509	5		4374503	4374547	398	409	4		4374722	4374773	508	469	6		4374866	4374931	320	309	10		4375159	4375223	440	528	10		4375582	4375650	308	291	11		4375795	4375862	440	540	11		4376128	4376202	342	271	11		4376356	4376415	426	431	7		4376664	4376705	444	490	2		4376907	4376977	421	276	9		4377135	4377202	440	522	10		4377548	4377608	536	316	9		4377727	4377893	537	366	2		0	0	0	0	0		0	0	0	0	0		0	0	0	0	0		0	0	0	0	0		0	0	0	0	0		0	0	0	0	0
4		4381412	4381472	645	534	8		4381771	4381839	508	287	11		4381965	4382034	701	524	12		4382385	4382442	591	369	7		0	0	0	0	0		0	0	0	0	0		0	0	0	0	0		0	0	0	0	0		0	0	0	0	0		0	0	0	0	0		0	0	0	0	0		0	0	0	0	0		0	0	0	0	0		0	0	0	0	0		0	0	0	0	0		0	0	0	0	0		0	0	0	0	0		0	0	0	0	0		0	0	0	0	0		0	0	0	0	0		0	0	0	0	0		0	0	0	0	0		0	0	0	0	0		0	0	0	0	0		0	0	0	0	0		0	0	0	0	0		0	0	0	0	0		0	0	0	0	0
4		4385961	4386014	662	489	7		4386113	4386184	528	195	13		4386350	4386414	664	405	10		4387331	4387349	577	368	4		0	0	0	0	0		0	0	0	0	0		0	0	0	0	0		0	0	0	0	0		0	0	0	0	0		0	0	0	0	0		0	0	0	0	0		0	0	0	0	0		0	0	0	0	0		0	0	0	0	0		0	0	0	0	0		0	0	0	0	0		0	0	0	0	0		0	0	0	0	0		0	0	0	0	0		0	0	0	0	0		0	0	0	0	0		0	0	0	0	0		0	0	0	0	0		0	0	0	0	0		0	0	0	0	0		0	0	0	0	0		0	0	0	0	0		0	0	0	0	0
2		4389638	4389716	897	548	16		4390507	4390573	627	429	11		0	0	0	0	0		0	0	0	0	0		0	0	0	0	0		0	0	0	0	0		0	0	0	0	0		0	0	0	0	0		0	0	0	0	0		0	0	0	0	0		0	0	0	0	0		0	0	0	0	0		0	0	0	0	0		0	0	0	0	0		0	0	0	0	0		0	0	0	0	0		0	0	0	0	0		0	0	0	0	0		0	0	0	0	0		0	0	0	0	0		0	0	0	0	0		0	0	0	0	0		0	0	0	0	0		0	0	0	0	0		0	0	0	0	0		0	0	0	0	0		0	0	0	0	0		0	0	0	0	0
15		4396046	4396110	728	506	9		4396253	4396320	555	283	11		4396505	4396571	708	493	10		4396732	4396791	646	335	7		4397173	4397388	550	310	3		4397703	4397768	713	530	10		4397910	4397973	652	268	11		4398124	4398173	783	184	6		4398371	4398435	551	159	10		4398600	4398657	720	155	7		4398727	4398805	283	147	17		4398935	4399010	766	185	18		4399211	4399254	880	170	5		4399754	4399991	699	380	11		4400016	4400054	686	417	2		0	0	0	0	0		0	0	0	0	0		0	0	0	0	0		0	0	0	0	0		0	0	0	0	0		0	0	0	0	0		0	0	0	0	0		0	0	0	0	0		0	0	0	0	0		0	0	0	0	0		0	0	0	0	0		0	0	0	0	0		0	0	0	0	0
3		4404096	4404150	373	343	6		4404441	4404484	311	279	3		4404732	4404802	552	398	11		0	0	0	0	0		0	0	0	0	0		0	0	0	0	0		0	0	0	0	0		0	0	0	0	0		0	0	0	0	0		0	0	0	0	0		0	0	0	0	0		0	0	0	0	0		0	0	0	0	0		0	0	0	0	0		0	0	0	0	0		0	0	0	0	0		0	0	0	0	0		0	0	0	0	0		0	0	0	0	0		0	0	0	0	0		0	0	0	0	0		0	0	0	0	0		0	0	0	0	0		0	0	0	0	0		0	0	0	0	0		0	0	0	0	0		0	0	0	0	0		0	0	0	0	0
3		4409721	4409986	138	568	16		4410241	4410299	356	502	9		4410444	4410506	595	374	11		0	0	0	0	0		0	0	0	0	0		0	0	0	0	0		0	0	0	0	0		0	0	0	0	0		0	0	0	0	0		0	0	0	0	0		0	0	0	0	0		0	0	0	0	0		0	0	0	0	0		0	0	0	0	0		0	0	0	0	0		0	0	0	0	0		0	0	0	0	0		0	0	0	0	0		0	0	0	0	0		0	0	0	0	0		0	0	0	0	0		0	0	0	0	0		0	0	0	0	0		0	0	0	0	0		0	0	0	0	0		0	0	0	0	0		0	0	0	0	0		0	0	0	0	0
2		4413702	4413894	719	281	10		4414394	4414454	568	413	8		0	0	0	0	0		0	0	0	0	0		0	0	0	0	0		0	0	0	0	0		0	0	0	0	0		0	0	0	0	0		0	0	0	0	0		0	0	0	0	0		0	0	0	0	0		0	0	0	0	0		0	0	0	0	0		0	0	0	0	0		0	0	0	0	0		0	0	0	0	0		0	0	0	0	0		0	0	0	0	0		0	0	0	0	0		0	0	0	0	0		0	0	0	0	0		0	0	0	0	0		0	0	0	0	0		0	0	0	0	0		0	0	0	0	0		0	0	0	0	0		0	0	0	0	0		0	0	0	0	0
2		4418254	4418307	447	498	5		4418783	4419129	464	503	1		0	0	0	0	0		0	0	0	0	0		0	0	0	0	0		0	0	0	0	0		0	0	0	0	0		0	0	0	0	0		0	0	0	0	0		0	0	0	0	0		0	0	0	0	0		0	0	0	0	0		0	0	0	0	0		0	0	0	0	0		0	0	0	0	0		0	0	0	0	0		0	0	0	0	0		0	0	0	0	0		0	0	0	0	0		0	0	0	0	0		0	0	0	0	0		0	0	0	0	0		0	0	0	0	0		0	0	0	0	0		0	0	0	0	0		0	0	0	0	0		0	0	0	0	0		0	0	0	0	0
22		4422366	4422410	552	443	3		4422540	4422597	591	256	8		4422794	4422854	524	439	8		4423059	4423112	576	297	6		4423278	4423342	812	272	9		4423462	4423517	836	132	5		4423625	4423705	333	188	20		4423886	4423953	84	163	10		4424118	4424190	258	485	14		4424327	4424395	663	491	16		4424519	4424562	757	399	5		4424646	4424716	473	249	13		4424899	4424960	710	314	9		4425162	4425206	835	304	5		4425318	4425386	835	577	10		4425539	4425600	593	624	9		4425706	4425770	327	605	11		4425849	4425915	310	341	10		4426025	4426086	573	392	11		4426259	4426311	455	386	5		4426457	4426517	323	545	8		4427003	4427240	546	375	11		0	0	0	0	0		0	0	0	0	0		0	0	0	0	0		0	0	0	0	0		0	0	0	0	0		0	0	0	0	0
3		4429385	4429559	536	351	2		4429621	4429682	523	593	8		4430199	4430267	533	387	9		0	0	0	0	0		0	0	0	0	0		0	0	0	0	0		0	0	0	0	0		0	0	0	0	0		0	0	0	0	0		0	0	0	0	0		0	0	0	0	0		0	0	0	0	0		0	0	0	0	0		0	0	0	0	0		0	0	0	0	0		0	0	0	0	0		0	0	0	0	0		0	0	0	0	0		0	0	0	0	0		0	0	0	0	0		0	0	0	0	0		0	0	0	0	0		0	0	0	0	0		0	0	0	0	0		0	0	0	0	0		0	0	0	0	0		0	0	0	0	0		0	0	0	0	0
3		4432629	4432695	513	639	10		4432973	4433025	531	498	6		4433364	4433410	512	418	3		0	0	0	0	0		0	0	0	0	0		0	0	0	0	0		0	0	0	0	0		0	0	0	0	0		0	0	0	0	0		0	0	0	0	0		0	0	0	0	0		0	0	0	0	0		0	0	0	0	0		0	0	0	0	0		0	0	0	0	0		0	0	0	0	0		0	0	0	0	0		0	0	0	0	0		0	0	0	0	0		0	0	0	0	0		0	0	0	0	0		0	0	0	0	0		0	0	0	0	0		0	0	0	0	0		0	0	0	0	0		0	0	0	0	0		0	0	0	0	0		0	0	0	0	0
3		4437102	4437146	574	292	4		4437382	4437426	556	338	3		4437649	4437961	529	483	5		0	0	0	0	0		0	0	0	0	0		0	0	0	0	0		0	0	0	0	0		0	0	0	0	0		0	0	0	0	0		0	0	0	0	0		0	0	0	0	0		0	0	0	0	0		0	0	0	0	0		0	0	0	0	0		0	0	0	0	0		0	0	0	0	0		0	0	0	0	0		0	0	0	0	0		0	0	0	0	0		0	0	0	0	0		0	0	0	0	0		0	0	0	0	0		0	0	0	0	0		0	0	0	0	0		0	0	0	0	0		0	0	0	0	0		0	0	0	0	0		0	0	0	0	0
3		4441338	4441389	383	452	6		4441666	4441708	303	510	3		4441906	4442124	522	334	12		0	0	0	0	0		0	0	0	0	0		0	0	0	0	0		0	0	0	0	0		0	0	0	0	0		0	0	0	0	0		0	0	0	0	0		0	0	0	0	0		0	0	0	0	0		0	0	0	0	0		0	0	0	0	0		0	0	0	0	0		0	0	0	0	0		0	0	0	0	0		0	0	0	0	0		0	0	0	0	0		0	0	0	0	0		0	0	0	0	0		0	0	0	0	0		0	0	0	0	0		0	0	0	0	0		0	0	0	0	0		0	0	0	0	0		0	0	0	0	0		0	0	0	0	0
5		4444555	4444615	313	504	9		4444758	4444826	671	494	14		4444982	4445042	582	302	8		4445227	4445294	704	510	10		4445956	4446193	613	392	6		0	0	0	0	0		0	0	0	0	0		0	0	0	0	0		0	0	0	0	0		0	0	0	0	0		0	0	0	0	0		0	0	0	0	0		0	0	0	0	0		0	0	0	0	0		0	0	0	0	0		0	0	0	0	0		0	0	0	0	0		0	0	0	0	0		0	0	0	0	0		0	0	0	0	0		0	0	0	0	0		0	0	0	0	0		0	0	0	0	0		0	0	0	0	0		0	0	0	0	0		0	0	0	0	0		0	0	0	0	0		0	0	0	0	0
14		4450862	4450919	699	538	9		4451037	4451097	745	325	9		4451312	4451388	336	370	16		4451536	4451590	383	190	7		4451742	4451789	522	214	6		4451912	4451938	673	171	6		4452089	4452158	444	384	13		4452321	4452382	728	246	12		4452550	4452588	885	177	6		4452751	4452821	681	407	12		4452979	4453036	910	399	9		4453158	4453223	871	646	9		4453387	4453444	677	636	7		4453765	4454025	509	366	12		0	0	0	0	0		0	0	0	0	0		0	0	0	0	0		0	0	0	0	0		0	0	0	0	0		0	0	0	0	0		0	0	0	0	0		0	0	0	0	0		0	0	0	0	0		0	0	0	0	0		0	0	0	0	0		0	0	0	0	0		0	0	0	0	0		0	0	0	0	0
8		4457273	4457323	666	460	7		4457464	4457528	654	244	9		4457748	4457800	522	163	6		4457952	4458017	686	339	10		4458177	4458214	752	286	3		4458659	4458749	352	348	16		4458907	4458979	750	283	17		4459697	4459931	584	409	8		0	0	0	0	0		0	0	0	0	0		0	0	0	0	0		0	0	0	0	0		0	0	0	0	0		0	0	0	0	0		0	0	0	0	0		0	0	0	0	0		0	0	0	0	0		0	0	0	0	0		0	0	0	0	0		0	0	0	0	0		0	0	0	0	0		0	0	0	0	0		0	0	0	0	0		0	0	0	0	0		0	0	0	0	0		0	0	0	0	0		0	0	0	0	0		0	0	0	0	0
4		4464040	4464083	471	309	4		4464581	4464636	625	361	7		4464777	4464833	458	302	7		4465599	4465668	541	516	9		0	0	0	0	0		0	0	0	0	0		0	0	0	0	0		0	0	0	0	0		0	0	0	0	0		0	0	0	0	0		0	0	0	0	0		0	0	0	0	0		0	0	0	0	0		0	0	0	0	0		0	0	0	0	0		0	0	0	0	0		0	0	0	0	0		0	0	0	0	0		0	0	0	0	0		0	0	0	0	0		0	0	0	0	0		0	0	0	0	0		0	0	0	0	0		0	0	0	0	0		0	0	0	0	0		0	0	0	0	0		0	0	0	0	0		0	0	0	0	0
2		4469278	4469334	308	489	9		4469796	4469852	506	422	9		0	0	0	0	0		0	0	0	0	0		0	0	0	0	0		0	0	0	0	0		0	0	0	0	0		0	0	0	0	0		0	0	0	0	0		0	0	0	0	0		0	0	0	0	0		0	0	0	0	0		0	0	0	0	0		0	0	0	0	0		0	0	0	0	0		0	0	0	0	0		0	0	0	0	0		0	0	0	0	0		0	0	0	0	0		0	0	0	0	0		0	0	0	0	0		0	0	0	0	0		0	0	0	0	0		0	0	0	0	0		0	0	0	0	0		0	0	0	0	0		0	0	0	0	0		0	0	0	0	0
12		4474332	4474394	307	511	10		4474549	4474604	492	325	11		4474783	4474836	358	289	6		4474999	4475043	510	162	8		4475193	4475249	670	211	7		4475388	4475456	742	490	11		4475638	4475698	867	646	8		4475825	4475896	517	598	14		4476066	4476115	700	370	12		4476312	4476362	843	278	6		4476466	4476534	844	532	10		4477005	4477259	531	341	14		0	0	0	0	0		0	0	0	0	0		0	0	0	0	0		0	0	0	0	0		0	0	0	0	0		0	0	0	0	0		0	0	0	0	0		0	0	0	0	0		0	0	0	0	0		0	0	0	0	0		0	0	0	0	0		0	0	0	0	0		0	0	0	0	0		0	0	0	0	0		0	0	0	0	0		0	0	0	0	0
28		4481884	4481936	661	492	7		4482073	4482133	682	284	9		4482318	4482389	356	345	13		4482598	4482655	465	500	7		4482806	4482871	207	570	11		4482990	4483052	432	636	9		4483133	4483205	380	245	15		4483374	4483434	238	411	8		4483578	4483643	179	177	9		4483823	4483885	388	272	9		4484102	4484152	504	363	6		4484325	4484377	367	398	6		4484595	4484660	590	516	10		4484831	4484901	239	503	14		4485018	4485102	756	589	20		4485231	4485283	905	557	6		4485370	4485431	904	335	8		4485564	4485649	304	444	23		4485828	4485873	411	478	4		4485993	4486049	340	329	7		4486224	4486283	331	478	6		4486541	4486584	314	415	3		4486606	4486657	440	379	5		4486722	4486751	450	320	2		4486788	4486818	448	373	3		4487001	4487074	815	337	14		4487431	4487506	388	377	17		4488011	4488236	510	375	5
20		4492248	4492310	299	482	10		4492429	4492489	371	273	9		4492672	4492725	254	382	6		4492817	4492891	581	242	14		4493076	4493137	432	126	8		4493298	4493369	783	169	14		4493547	4493613	800	403	9		4493793	4493856	755	616	8		4493988	4494051	506	606	10		4494249	4494318	207	637	12		4494470	4494536	355	407	10		4494650	4494710	566	414	8		4494803	4494857	737	402	7		4494968	4495029	571	270	8		4495210	4495255	467	273	4		4495326	4495385	653	251	8		4495465	4495516	731	173	4		4495604	4495658	554	175	7		4496104	4496155	398	153	6		4496287	4496573	499	372	10		0	0	0	0	0		0	0	0	0	0		0	0	0	0	0		0	0	0	0	0		0	0	0	0	0		0	0	0	0	0		0	0	0	0	0		0	0	0	0	0
3		4503111	4503156	513	288	4		4503276	4503332	354	461	10		4503998	4504051	527	373	8		0	0	0	0	0		0	0	0	0	0		0	0	0	0	0		0	0	0	0	0		0	0	0	0	0		0	0	0	0	0		0	0	0	0	0		0	0	0	0	0		0	0	0	0	0		0	0	0	0	0		0	0	0	0	0		0	0	0	0	0		0	0	0	0	0		0	0	0	0	0		0	0	0	0	0		0	0	0	0	0		0	0	0	0	0		0	0	0	0	0		0	0	0	0	0		0	0	0	0	0		0	0	0	0	0		0	0	0	0	0		0	0	0	0	0		0	0	0	0	0		0	0	0	0	0
3		4508048	4508109	302	537	10		4508431	4508474	241	597	3		4508641	4508707	500	367	14		0	0	0	0	0		0	0	0	0	0		0	0	0	0	0		0	0	0	0	0		0	0	0	0	0		0	0	0	0	0		0	0	0	0	0		0	0	0	0	0		0	0	0	0	0		0	0	0	0	0		0	0	0	0	0		0	0	0	0	0		0	0	0	0	0		0	0	0	0	0		0	0	0	0	0		0	0	0	0	0		0	0	0	0	0		0	0	0	0	0		0	0	0	0	0		0	0	0	0	0		0	0	0	0	0		0	0	0	0	0		0	0	0	0	0		0	0	0	0	0		0	0	0	0	0
12		4511833	4511884	358	471	7		4512004	4512058	564	507	9		4512134	4512189	476	321	8		4512409	4512458	323	275	6		4512616	4512676	516	386	9		4512807	4512869	497	161	9		4513072	4513136	447	379	9		4513283	4513346	772	278	14		4513497	4513540	820	200	3		4513566	4513637	465	236	14		4514044	4514089	350	255	5		4514268	4514478	615	378	12		0	0	0	0	0		0	0	0	0	0		0	0	0	0	0		0	0	0	0	0		0	0	0	0	0		0	0	0	0	0		0	0	0	0	0		0	0	0	0	0		0	0	0	0	0		0	0	0	0	0		0	0	0	0	0		0	0	0	0	0		0	0	0	0	0		0	0	0	0	0		0	0	0	0	0		0	0	0	0	0
15		4518965	4519020	357	470	7		4519127	4519190	495	259	11		4519391	4519447	403	391	6		4519599	4519651	487	257	6		4519859	4519921	383	389	7		4520072	4520133	482	179	9		4520404	4520479	824	407	16		4520834	4520907	483	314	14		4521197	4521250	338	263	6		4521480	4521544	264	506	10		4521772	4521828	347	650	6		4521943	4522007	96	643	9		4522133	4522187	367	662	10		4522533	4522597	118	649	10		4522772	4523016	555	395	20		0	0	0	0	0		0	0	0	0	0		0	0	0	0	0		0	0	0	0	0		0	0	0	0	0		0	0	0	0	0		0	0	0	0	0		0	0	0	0	0		0	0	0	0	0		0	0	0	0	0		0	0	0	0	0		0	0	0	0	0		0	0	0	0	0
4		4525067	4525126	326	507	9		4525263	4525322	514	626	9		4526014	4526070	657	761	8		4526256	4526351	496	388	16		0	0	0	0	0		0	0	0	0	0		0	0	0	0	0		0	0	0	0	0		0	0	0	0	0		0	0	0	0	0		0	0	0	0	0		0	0	0	0	0		0	0	0	0	0		0	0	0	0	0		0	0	0	0	0		0	0	0	0	0		0	0	0	0	0		0	0	0	0	0		0	0	0	0	0		0	0	0	0	0		0	0	0	0	0		0	0	0	0	0		0	0	0	0	0		0	0	0	0	0		0	0	0	0	0		0	0	0	0	0		0	0	0	0	0		0	0	0	0	0
4		4528710	4528754	475	298	4		4529064	4529125	727	248	10		4529306	4529374	467	265	11		4529935	4530172	482	218	2		0	0	0	0	0		0	0	0	0	0		0	0	0	0	0		0	0	0	0	0		0	0	0	0	0		0	0	0	0	0		0	0	0	0	0		0	0	0	0	0		0	0	0	0	0		0	0	0	0	0		0	0	0	0	0		0	0	0	0	0		0	0	0	0	0		0	0	0	0	0		0	0	0	0	0		0	0	0	0	0		0	0	0	0	0		0	0	0	0	0		0	0	0	0	0		0	0	0	0	0		0	0	0	0	0		0	0	0	0	0		0	0	0	0	0		0	0	0	0	0
3		4535568	4535631	334	505	9		4535749	4535807	554	367	10		4536690	4536735	493	438	4		0	0	0	0	0		0	0	0	0	0		0	0	0	0	0		0	0	0	0	0		0	0	0	0	0		0	0	0	0	0		0	0	0	0	0		0	0	0	0	0		0	0	0	0	0		0	0	0	0	0		0	0	0	0	0		0	0	0	0	0		0	0	0	0	0		0	0	0	0	0		0	0	0	0	0		0	0	0	0	0		0	0	0	0	0		0	0	0	0	0		0	0	0	0	0		0	0	0	0	0		0	0	0	0	0		0	0	0	0	0		0	0	0	0	0		0	0	0	0	0		0	0	0	0	0
14		4541684	4541738	374	489	6		4541835	4541887	511	427	6		4542088	4542134	637	381	5		4542236	4542290	551	250	7		4542492	4542552	631	403	7		4542694	4542750	789	240	9		4542878	4542920	893	194	4		4543038	4543115	455	169	17		4543337	4543403	216	167	10		4543552	4543608	400	155	7		4543847	4543884	460	153	2		4543990	4544126	524	538	15		4544268	4544343	447	131	17		4544936	4545181	621	473	14		0	0	0	0	0		0	0	0	0	0		0	0	0	0	0		0	0	0	0	0		0	0	0	0	0		0	0	0	0	0		0	0	0	0	0		0	0	0	0	0		0	0	0	0	0		0	0	0	0	0		0	0	0	0	0		0	0	0	0	0		0	0	0	0	0		0	0	0	0	0
28		4548287	4548331	490	305	4		4548532	4548591	526	442	6		4548768	4548816	508	319	5		4549416	4549488	603	635	13		4549573	4549621	843	568	10		4549736	4549809	520	357	16		4550022	4550067	456	285	4		4550260	4550317	511	413	6		4550411	4550486	940	443	16		4550727	4550805	504	393	17		4550958	4551006	474	296	4		4551137	4551186	393	191	5		4551315	4551365	507	176	5		4551511	4551550	615	173	4		4551715	4551787	266	168	14		4551971	4552039	371	426	10		4552193	4552235	444	358	4		4552347	4552396	336	300	5		4552490	4552536	385	192	5		4552684	4552729	502	176	4		4552830	4552895	486	431	10		4553182	4553245	510	641	8		4553433	4553482	537	514	5		4553671	4553730	479	297	8		4553928	4553988	756	248	11		4554261	4554336	405	498	17		4554445	4554509	206	626	9		4555173	4555404	533	370	16
4		4560451	4560696	903	351	15		4561005	4561078	429	334	18		4561247	4561326	950	424	21		4562137	4562401	571	414	14		0	0	0	0	0		0	0	0	0	0		0	0	0	0	0		0	0	0	0	0		0	0	0	0	0		0	0	0	0	0		0	0	0	0	0		0	0	0	0	0		0	0	0	0	0		0	0	0	0	0		0	0	0	0	0		0	0	0	0	0		0	0	0	0	0		0	0	0	0	0		0	0	0	0	0		0	0	0	0	0		0	0	0	0	0		0	0	0	0	0		0	0	0	0	0		0	0	0	0	0		0	0	0	0	0		0	0	0	0	0		0	0	0	0	0		0	0	0	0	0
2		4570991	4571062	802	611	14		4571839	4571907	527	422	13		0	0	0	0	0		0	0	0	0	0		0	0	0	0	0		0	0	0	0	0		0	0	0	0	0		0	0	0	0	0		0	0	0	0	0		0	0	0	0	0		0	0	0	0	0		0	0	0	0	0		0	0	0	0	0		0	0	0	0	0		0	0	0	0	0		0	0	0	0	0		0	0	0	0	0		0	0	0	0	0		0	0	0	0	0		0	0	0	0	0		0	0	0	0	0		0	0	0	0	0		0	0	0	0	0		0	0	0	0	0		0	0	0	0	0		0	0	0	0	0		0	0	0	0	0		0	0	0	0	0
3		4579756	4579805	439	335	4		4579833	4579884	325	222	6		4580510	4580580	571	390	12		0	0	0	0	0		0	0	0	0	0		0	0	0	0	0		0	0	0	0	0		0	0	0	0	0		0	0	0	0	0		0	0	0	0	0		0	0	0	0	0		0	0	0	0	0		0	0	0	0	0		0	0	0	0	0		0	0	0	0	0		0	0	0	0	0		0	0	0	0	0		0	0	0	0	0		0	0	0	0	0		0	0	0	0	0		0	0	0	0	0		0	0	0	0	0		0	0	0	0	0		0	0	0	0	0		0	0	0	0	0		0	0	0	0	0		0	0	0	0	0		0	0	0	0	0
2		4586170	4586241	887	222	16		4586799	4586864	623	362	11		0	0	0	0	0		0	0	0	0	0		0	0	0	0	0		0	0	0	0	0		0	0	0	0	0		0	0	0	0	0		0	0	0	0	0		0	0	0	0	0		0	0	0	0	0		0	0	0	0	0		0	0	0	0	0		0	0	0	0	0		0	0	0	0	0		0	0	0	0	0		0	0	0	0	0		0	0	0	0	0		0	0	0	0	0		0	0	0	0	0		0	0	0	0	0		0	0	0	0	0		0	0	0	0	0		0	0	0	0	0		0	0	0	0	0		0	0	0	0	0		0	0	0	0	0		0	0	0	0	0
8		4593218	4593277	810	262	13		4593414	4593454	884	208	3		4593506	4593583	446	155	18		4593815	4593881	402	421	10		4593980	4594043	546	271	8		4594250	4594316	668	511	10		4594469	4594528	523	625	7		4595056	4595302	541	353	10		0	0	0	0	0		0	0	0	0	0		0	0	0	0	0		0	0	0	0	0		0	0	0	0	0		0	0	0	0	0		0	0	0	0	0		0	0	0	0	0		0	0	0	0	0		0	0	0	0	0		0	0	0	0	0		0	0	0	0	0		0	0	0	0	0		0	0	0	0	0		0	0	0	0	0		0	0	0	0	0		0	0	0	0	0		0	0	0	0	0		0	0	0	0	0		0	0	0	0	0
5		4599804	4599855	468	506	5		4600054	4600098	522	467	3		4600332	4600382	472	523	4		4600875	4600927	557	437	5		4601135	4601379	618	294	6		0	0	0	0	0		0	0	0	0	0		0	0	0	0	0		0	0	0	0	0		0	0	0	0	0		0	0	0	0	0		0	0	0	0	0		0	0	0	0	0		0	0	0	0	0		0	0	0	0	0		0	0	0	0	0		0	0	0	0	0		0	0	0	0	0		0	0	0	0	0		0	0	0	0	0		0	0	0	0	0		0	0	0	0	0		0	0	0	0	0		0	0	0	0	0		0	0	0	0	0		0	0	0	0	0		0	0	0	0	0		0	0	0	0	0
17		4607920	4607961	597	341	4		4608184	4608237	468	275	6		4608355	4608419	485	496	9		4608544	4608603	672	323	10		4608805	4608864	704	133	7		4609087	4609128	773	155	3		4609307	4609345	713	146	3		4609428	4609522	358	508	19		4609669	4609737	707	171	19		4610100	4610173	457	165	10		4610277	4610385	760	158	12		4610616	4610660	880	155	4		4610792	4610834	820	150	3		4610916	4610957	704	147	4		4611136	4611182	801	150	5		4611384	4611442	613	156	8		4611806	4611861	-32768	-32768	5600000		0	0	0	0	0		0	0	0	0	0		0	0	0	0	0		0	0	0	0	0		0	0	0	0	0		0	0	0	0	0		0	0	0	0	0		0	0	0	0	0		0	0	0	0	0		0	0	0	0	0		0	0	0	0	0
1		4620233	4620279	567	309	4		0	0	0	0	0		0	0	0	0	0		0	0	0	0	0		0	0	0	0	0		0	0	0	0	0		0	0	0	0	0		0	0	0	0	0		0	0	0	0	0		0	0	0	0	0		0	0	0	0	0		0	0	0	0	0		0	0	0	0	0		0	0	0	0	0		0	0	0	0	0		0	0	0	0	0		0	0	0	0	0		0	0	0	0	0		0	0	0	0	0		0	0	0	0	0		0	0	0	0	0		0	0	0	0	0		0	0	0	0	0		0	0	0	0	0		0	0	0	0	0		0	0	0	0	0		0	0	0	0	0		0	0	0	0	0
25		4626141	4626187	587	287	5		4626405	4626496	647	516	10		4626689	4626749	607	314	8		4626877	4626937	805	280	8		4627065	4627113	803	182	4		4627338	4627400	620	220	7		4627489	4627565	622	525	12		4627746	4627815	596	205	12		4627968	4628018	746	200	6		4628168	4628207	869	173	4		4628305	4628382	419	160	18		4628649	4628708	318	288	7		4628855	4628916	550	272	9		4629007	4629059	474	152	6		4629188	4629240	637	154	7		4629418	4629496	742	563	16		4629708	4629771	511	634	10		4629976	4630047	878	632	14		4630190	4630250	789	433	8		4630374	4630424	635	403	6		4630536	4630601	573	650	9		4630765	4630834	541	335	12		4631004	4631080	162	485	16		4631218	4631275	138	646	6		4631841	4632091	525	383	18		0	0	0	0	0		0	0	0	0	0		0	0	0	0	0
13		4638997	4639013	540	380	1		4639172	4639213	509	334	3		4639365	4639428	548	488	7		4639580	4639649	563	283	9		4639811	4639858	684	190	6		4640141	4640207	698	400	9		4640355	4640419	687	162	9		4640692	4640774	233	281	18		4640938	4641008	608	168	15		4641194	4641263	295	158	12		4641476	4641519	205	164	4		4641751	4642023	659	455	21		4642063	4642087	645	482	2		0	0	0	0	0		0	0	0	0	0		0	0	0	0	0		0	0	0	0	0		0	0	0	0	0		0	0	0	0	0		0	0	0	0	0		0	0	0	0	0		0	0	0	0	0		0	0	0	0	0		0	0	0	0	0		0	0	0	0	0		0	0	0	0	0		0	0	0	0	0		0	0	0	0	0
3		4647608	4647874	642	400	5		4648318	4648362	754	392	4		4648703	4648904	776	356	1		0	0	0	0	0		0	0	0	0	0		0	0	0	0	0		0	0	0	0	0		0	0	0	0	0		0	0	0	0	0		0	0	0	0	0		0	0	0	0	0		0	0	0	0	0		0	0	0	0	0		0	0	0	0	0		0	0	0	0	0		0	0	0	0	0		0	0	0	0	0		0	0	0	0	0		0	0	0	0	0		0	0	0	0	0		0	0	0	0	0		0	0	0	0	0		0	0	0	0	0		0	0	0	0	0		0	0	0	0	0		0	0	0	0	0		0	0	0	0	0		0	0	0	0	0
15		4655055	4655272	581	479	5		4655378	4655436	582	289	8		4655644	4655706	563	493	8		4655895	4655948	661	342	7		4656186	4656248	493	501	10		4656415	4656478	591	257	10		4656623	4656682	783	188	9		4656925	4656989	585	364	10		4657209	4657262	463	243	7		4657363	4657405	394	177	3		4657545	4657614	621	403	13		4657752	4657827	216	337	16		4658048	4658102	185	184	6		4658308	4658370	185	396	8		4658499	4658730	581	390	15		0	0	0	0	0		0	0	0	0	0		0	0	0	0	0		0	0	0	0	0		0	0	0	0	0		0	0	0	0	0		0	0	0	0	0		0	0	0	0	0		0	0	0	0	0		0	0	0	0	0		0	0	0	0	0		0	0	0	0	0		0	0	0	0	0
5		4664115	4664141	479	315	4		4664417	4664485	188	295	12		4664656	4664700	337	270	6		4664750	4664807	181	145	8		4665272	4665527	598	516	22		0	0	0	0	0		0	0	0	0	0		0	0	0	0	0		0	0	0	0	0		0	0	0	0	0		0	0	0	0	0		0	0	0	0	0		0	0	0	0	0		0	0	0	0	0		0	0	0	0	0		0	0	0	0	0		0	0	0	0	0		0	0	0	0	0		0	0	0	0	0		0	0	0	0	0		0	0	0	0	0		0	0	0	0	0		0	0	0	0	0		0	0	0	0	0		0	0	0	0	0		0	0	0	0	0		0	0	0	0	0		0	0	0	0	0
21		4674813	4674871	750	250	11		4675197	4675256	623	387	8		4675423	4675469	614	298	4		4675667	4675734	330	291	11		4675918	4675968	406	187	5		4676093	4676155	669	167	10		4676331	4676405	281	159	15		4676649	4676717	311	463	11		4676900	4676945	272	382	3		4677180	4677246	584	500	14		4677283	4677340	818	465	9		4677466	4677548	276	396	21		4677896	4677947	182	289	6		4678113	4678170	241	431	6		4678429	4678522	738	591	20		4678695	4678774	311	467	17		4678987	4679024	261	452	2		4679220	4679290	575	609	14		4679518	4679564	478	553	4		4679714	4679770	289	444	8		4680315	4680633	648	441	14		0	0	0	0	0		0	0	0	0	0		0	0	0	0	0		0	0	0	0	0		0	0	0	0	0		0	0	0	0	0		0	0	0	0	0
22		4687716	4687758	491	294	4		4687892	4687951	245	288	9		4688077	4688134	247	126	6		4688257	4688317	534	199	11		4688541	4688606	380	397	10		4688796	4688842	287	435	4		4689020	4689084	542	561	12		4689183	4689242	357	634	8		4689383	4689426	260	638	4		4689734	4689807	768	565	21		4689997	4690080	251	630	21		4690243	4690294	109	642	5		4690464	4690509	172	570	4		4690647	4690728	746	416	23		4690852	4690904	825	305	5		4691049	4691139	233	637	26		4691271	4691353	837	246	27		4691606	4691649	820	176	3		4691732	4691782	657	149	6		4692155	4692203	762	142	5		4692290	4692537	679	456	12		4692559	4692602	650	511	3		0	0	0	0	0		0	0	0	0	0		0	0	0	0	0		0	0	0	0	0		0	0	0	0	0		0	0	0	0	0
2		4700808	4700869	810	331	12		4701429	4701703	569	456	11		0	0	0	0	0		0	0	0	0	0		0	0	0	0	0		0	0	0	0	0		0	0	0	0	0		0	0	0	0	0		0	0	0	0	0		0	0	0	0	0		0	0	0	0	0		0	0	0	0	0		0	0	0	0	0		0	0	0	0	0		0	0	0	0	0		0	0	0	0	0		0	0	0	0	0		0	0	0	0	0		0	0	0	0	0		0	0	0	0	0		0	0	0	0	0		0	0	0	0	0		0	0	0	0	0		0	0	0	0	0		0	0	0	0	0		0	0	0	0	0		0	0	0	0	0		0	0	0	0	0
19		4709026	4709092	816	274	12		4709272	4709340	574	461	12		4709498	4709570	283	318	13		4709699	4709741	220	267	3		4709837	4709896	428	254	9		4710060	4710127	766	167	14		4710341	4710386	635	142	6		4710468	4710516	481	132	5		4710625	4710690	782	144	12		4710946	4711021	418	137	14		4711141	4711183	789	156	14		4711559	4711645	708	575	16		4711822	4711897	784	180	16		4712272	4712343	437	129	14		4712466	4712534	809	138	14		4712934	4713005	436	119	14		4713163	4713230	799	139	14		4713793	4714059	659	570	17		4714100	4714116	635	571	1		0	0	0	0	0		0	0	0	0	0		0	0	0	0	0		0	0	0	0	0		0	0	0	0	0		0	0	0	0	0		0	0	0	0	0		0	0	0	0	0		0	0	0	0	0
3		4729277	4729344	653	609	10		4730053	4730112	611	354	10		4730309	4730332	497	369	5		0	0	0	0	0		0	0	0	0	0		0	0	0	0	0		0	0	0	0	0		0	0	0	0	0		0	0	0	0	0		0	0	0	0	0		0	0	0	0	0		0	0	0	0	0		0	0	0	0	0		0	0	0	0	0		0	0	0	0	0		0	0	0	0	0		0	0	0	0	0		0	0	0	0	0		0	0	0	0	0		0	0	0	0	0		0	0	0	0	0		0	0	0	0	0		0	0	0	0	0		0	0	0	0	0		0	0	0	0	0		0	0	0	0	0		0	0	0	0	0		0	0	0	0	0
6		4734762	4734949	512	346	2		4735132	4735195	715	296	9		4735352	4735416	506	419	10		4735738	4735793	680	362	7		4735956	4736014	501	400	8		4736352	4736526	507	365	1		0	0	0	0	0		0	0	0	0	0		0	0	0	0	0		0	0	0	0	0		0	0	0	0	0		0	0	0	0	0		0	0	0	0	0		0	0	0	0	0		0	0	0	0	0		0	0	0	0	0		0	0	0	0	0		0	0	0	0	0		0	0	0	0	0		0	0	0	0	0		0	0	0	0	0		0	0	0	0	0		0	0	0	0	0		0	0	0	0	0		0	0	0	0	0		0	0	0	0	0		0	0	0	0	0		0	0	0	0	0
3		4741408	4741477	333	281	9		4741598	4741642	217	275	4		4742172	4742493	614	448	17		0	0	0	0	0		0	0	0	0	0		0	0	0	0	0		0	0	0	0	0		0	0	0	0	0		0	0	0	0	0		0	0	0	0	0		0	0	0	0	0		0	0	0	0	0		0	0	0	0	0		0	0	0	0	0		0	0	0	0	0		0	0	0	0	0		0	0	0	0	0		0	0	0	0	0		0	0	0	0	0		0	0	0	0	0		0	0	0	0	0		0	0	0	0	0		0	0	0	0	0		0	0	0	0	0		0	0	0	0	0		0	0	0	0	0		0	0	0	0	0		0	0	0	0	0
3		4748082	4748147	327	314	9		4748670	4748746	687	471	16		4748982	4749006	555	454	5		0	0	0	0	0		0	0	0	0	0		0	0	0	0	0		0	0	0	0	0		0	0	0	0	0		0	0	0	0	0		0	0	0	0	0		0	0	0	0	0		0	0	0	0	0		0	0	0	0	0		0	0	0	0	0		0	0	0	0	0		0	0	0	0	0		0	0	0	0	0		0	0	0	0	0		0	0	0	0	0		0	0	0	0	0		0	0	0	0	0		0	0	0	0	0		0	0	0	0	0		0	0	0	0	0		0	0	0	0	0		0	0	0	0	0		0	0	0	0	0		0	0	0	0	0
3		4754639	4754693	449	251	7		4755220	4755263	394	174	3		4755821	4755893	584	432	13		0	0	0	0	0		0	0	0	0	0		0	0	0	0	0		0	0	0	0	0		0	0	0	0	0		0	0	0	0	0		0	0	0	0	0		0	0	0	0	0		0	0	0	0	0		0	0	0	0	0		0	0	0	0	0		0	0	0	0	0		0	0	0	0	0		0	0	0	0	0		0	0	0	0	0		0	0	0	0	0		0	0	0	0	0		0	0	0	0	0		0	0	0	0	0		0	0	0	0	0		0	0	0	0	0		0	0	0	0	0		0	0	0	0	0		0	0	0	0	0		0	0	0	0	0
10		4760952	4761010	317	304	9		4761142	4761190	354	179	5		4761394	4761465	422	500	13		4761653	4761718	188	597	10		4761861	4761917	363	629	7		4762099	4762149	240	643	5		4762455	4762527	565	584	13		4762732	4762799	274	650	12		4763085	4763145	459	552	8		4763398	4763462	581	368	8		0	0	0	0	0		0	0	0	0	0		0	0	0	0	0		0	0	0	0	0		0	0	0	0	0		0	0	0	0	0		0	0	0	0	0		0	0	0	0	0		0	0	0	0	0		0	0	0	0	0		0	0	0	0	0		0	0	0	0	0		0	0	0	0	0		0	0	0	0	0		0	0	0	0	0		0	0	0	0	0		0	0	0	0	0		0	0	0	0	0
7		4769450	4769491	531	327	4		4769700	4769764	358	504	11		4769857	4769928	734	319	16		4770247	4770276	737	253	2		4770535	4770604	574	453	10		4770751	4770813	770	285	10		4771401	4771680	615	391	7		0	0	0	0	0		0	0	0	0	0		0	0	0	0	0		0	0	0	0	0		0	0	0	0	0		0	0	0	0	0		0	0	0	0	0		0	0	0	0	0		0	0	0	0	0		0	0	0	0	0		0	0	0	0	0		0	0	0	0	0		0	0	0	0	0		0	0	0	0	0		0	0	0	0	0		0	0	0	0	0		0	0	0	0	0		0	0	0	0	0		0	0	0	0	0		0	0	0	0	0		0	0	0	0	0
2		4776405	4776465	716	507	9		4777049	4777104	547	428	8		0	0	0	0	0		0	0	0	0	0		0	0	0	0	0		0	0	0	0	0		0	0	0	0	0		0	0	0	0	0		0	0	0	0	0		0	0	0	0	0		0	0	0	0	0		0	0	0	0	0		0	0	0	0	0		0	0	0	0	0		0	0	0	0	0		0	0	0	0	0		0	0	0	0	0		0	0	0	0	0		0	0	0	0	0		0	0	0	0	0		0	0	0	0	0		0	0	0	0	0		0	0	0	0	0		0	0	0	0	0		0	0	0	0	0		0	0	0	0	0		0	0	0	0	0		0	0	0	0	0
1		4783383	4783432	444	230	7		0	0	0	0	0		0	0	0	0	0		0	0	0	0	0		0	0	0	0	0		0	0	0	0	0		0	0	0	0	0		0	0	0	0	0		0	0	0	0	0		0	0	0	0	0		0	0	0	0	0		0	0	0	0	0		0	0	0	0	0		0	0	0	0	0		0	0	0	0	0		0	0	0	0	0		0	0	0	0	0		0	0	0	0	0		0	0	0	0	0		0	0	0	0	0		0	0	0	0	0		0	0	0	0	0		0	0	0	0	0		0	0	0	0	0		0	0	0	0	0		0	0	0	0	0		0	0	0	0	0		0	0	0	0	0
6		4788270	4788337	549	396	12		4788840	4788903	343	447	9		4789003	4789033	249	372	4		4789153	4789221	579	502	14		4789543	4789757	602	453	2		4790068	4790145	-32768	-32768	5500000		0	0	0	0	0		0	0	0	0	0		0	0	0	0	0		0	0	0	0	0		0	0	0	0	0		0	0	0	0	0		0	0	0	0	0		0	0	0	0	0		0	0	0	0	0		0	0	0	0	0		0	0	0	0	0		0	0	0	0	0		0	0	0	0	0		0	0	0	0	0		0	0	0	0	0		0	0	0	0	0		0	0	0	0	0		0	0	0	0	0		0	0	0	0	0		0	0	0	0	0		0	0	0	0	0		0	0	0	0	0
2		4794408	4794486	948	354	16		4795005	4795275	529	353	16		0	0	0	0	0		0	0	0	0	0		0	0	0	0	0		0	0	0	0	0		0	0	0	0	0		0	0	0	0	0		0	0	0	0	0		0	0	0	0	0		0	0	0	0	0		0	0	0	0	0		0	0	0	0	0		0	0	0	0	0		0	0	0	0	0		0	0	0	0	0		0	0	0	0	0		0	0	0	0	0		0	0	0	0	0		0	0	0	0	0		0	0	0	0	0		0	0	0	0	0		0	0	0	0	0		0	0	0	0	0		0	0	0	0	0		0	0	0	0	0		0	0	0	0	0		0	0	0	0	0
5		4798436	4798480	836	359	12		4798749	4798813	554	367	11		4799178	4799205	504	356	2		4799832	4800067	758	562	13		4800103	4800120	758	569	1		0	0	0	0	0		0	0	0	0	0		0	0	0	0	0		0	0	0	0	0		0	0	0	0	0		0	0	0	0	0		0	0	0	0	0		0	0	0	0	0		0	0	0	0	0		0	0	0	0	0		0	0	0	0	0		0	0	0	0	0		0	0	0	0	0		0	0	0	0	0		0	0	0	0	0		0	0	0	0	0		0	0	0	0	0		0	0	0	0	0		0	0	0	0	0		0	0	0	0	0		0	0	0	0	0		0	0	0	0	0		0	0	0	0	0
17		4803836	4803878	499	306	4		4804043	4804102	565	456	7		4804197	4804266	835	265	13		4804527	4804597	561	381	12		4804779	4804843	751	544	10		4804991	4805056	462	535	11		4805201	4805264	503	249	11		4805427	4805492	637	492	11		4805646	4805703	462	524	7		4805828	4805889	593	304	10		4806025	4806090	769	528	11		4806282	4806342	692	289	10		4806594	4806633	664	203	3		4806771	4806841	867	462	13		4807013	4807076	607	522	10		4807222	4807278	855	531	10		4807841	4808137	573	431	12		0	0	0	0	0		0	0	0	0	0		0	0	0	0	0		0	0	0	0	0		0	0	0	0	0		0	0	0	0	0		0	0	0	0	0		0	0	0	0	0		0	0	0	0	0		0	0	0	0	0		0	0	0	0	0
2		4810728	4810790	775	574	12		4811387	4811630	574	501	8		0	0	0	0	0		0	0	0	0	0		0	0	0	0	0		0	0	0	0	0		0	0	0	0	0		0	0	0	0	0		0	0	0	0	0		0	0	0	0	0		0	0	0	0	0		0	0	0	0	0		0	0	0	0	0		0	0	0	0	0		0	0	0	0	0		0	0	0	0	0		0	0	0	0	0		0	0	0	0	0		0	0	0	0	0		0	0	0	0	0		0	0	0	0	0		0	0	0	0	0		0	0	0	0	0		0	0	0	0	0		0	0	0	0	0		0	0	0	0	0		0	0	0	0	0		0	0	0	0	0
4		4816452	4816510	255	424	11		4816618	4816663	107	419	5		4817012	4817061	227	412	5		4817207	4817475	616	374	15		0	0	0	0	0		0	0	0	0	0		0	0	0	0	0		0	0	0	0	0		0	0	0	0	0		0	0	0	0	0		0	0	0	0	0		0	0	0	0	0		0	0	0	0	0		0	0	0	0	0		0	0	0	0	0		0	0	0	0	0		0	0	0	0	0		0	0	0	0	0		0	0	0	0	0		0	0	0	0	0		0	0	0	0	0		0	0	0	0	0		0	0	0	0	0		0	0	0	0	0		0	0	0	0	0		0	0	0	0	0		0	0	0	0	0		0	0	0	0	0
12		4822965	4823038	219	425	13		4823169	4823224	302	280	6		4823339	4823411	553	514	13		4823568	4823635	467	267	10		4823810	4823861	338	269	5		4823966	4824013	299	169	4		4824088	4824153	552	157	10		4824344	4824416	629	458	12		4824575	4824616	558	428	3		4824987	4825040	877	517	14		4825205	4825276	508	416	15		4825782	4826055	639	443	5		0	0	0	0	0		0	0	0	0	0		0	0	0	0	0		0	0	0	0	0		0	0	0	0	0		0	0	0	0	0		0	0	0	0	0		0	0	0	0	0		0	0	0	0	0		0	0	0	0	0		0	0	0	0	0		0	0	0	0	0		0	0	0	0	0		0	0	0	0	0		0	0	0	0	0		0	0	0	0	0
25		4830569	4830633	307	417	9		4830752	4830817	589	380	12		4830938	4831009	288	281	12		4831146	4831211	566	287	11		4831356	4831419	829	188	11		4831613	4831688	517	314	14		4831867	4831928	457	140	7		4832075	4832134	613	262	7		4832282	4832342	484	428	8		4832554	4832615	339	576	8		4832748	4832812	517	382	10		4832990	4833053	270	515	11		4833170	4833219	153	596	5		4833286	4833352	274	389	10		4833520	4833569	189	300	5		4833739	4833802	446	402	11		4833975	4834045	178	179	14		4834232	4834298	265	469	11		4834437	4834499	503	529	10		4834659	4834725	798	545	12		4834849	4834897	913	612	5		4835079	4835142	909	422	8		4835331	4835403	517	357	15		4835480	4835559	922	672	19		4836281	4836572	489	392	19		0	0	0	0	0		0	0	0	0	0		0	0	0	0	0
14		4839878	4839933	642	212	8		4840212	4840286	428	430	13		4840448	4840504	639	550	10		4840597	4840649	829	628	8		4840781	4840854	420	634	16		4841044	4841107	452	365	11		4841337	4841405	398	652	12		4841580	4841634	229	637	7		4841776	4841852	364	220	17		4842011	4842068	548	165	7		4842186	4842259	177	154	15		4842462	4842526	306	392	10		4842656	4842713	121	408	7		4843276	4843513	639	473	20		0	0	0	0	0		0	0	0	0	0		0	0	0	0	0		0	0	0	0	0		0	0	0	0	0		0	0	0	0	0		0	0	0	0	0		0	0	0	0	0		0	0	0	0	0		0	0	0	0	0		0	0	0	0	0		0	0	0	0	0		0	0	0	0	0		0	0	0	0	0
24		4848749	4848798	573	499	5		4848968	4849055	262	317	14		4849205	4849272	282	629	12		4849416	4849500	744	337	21		4849689	4849745	613	162	8		4849932	4849996	336	163	10		4850183	4850241	541	149	8		4850425	4850509	881	605	22		4850643	4850706	609	636	10		4850858	4850921	655	400	9		4851157	4851210	820	291	8		4851376	4851448	442	269	16		4851581	4851654	443	628	14		4851817	4851878	219	640	9		4852003	4852069	191	330	12		4852222	4852277	104	155	7		4852482	4852573	846	202	28		4852806	4852882	452	458	18		4853036	4853102	164	438	11		4853237	4853319	110	681	9		4853419	4853482	390	596	11		4853605	4853681	292	267	13		4853849	4853903	448	264	6		4854861	4855078	584	531	11		0	0	0	0	0		0	0	0	0	0		0	0	0	0	0		0	0	0	0	0
2		4859757	4859813	335	282	8		4860317	4860392	607	509	14		0	0	0	0	0		0	0	0	0	0		0	0	0	0	0		0	0	0	0	0		0	0	0	0	0		0	0	0	0	0		0	0	0	0	0		0	0	0	0	0		0	0	0	0	0		0	0	0	0	0		0	0	0	0	0		0	0	0	0	0		0	0	0	0	0		0	0	0	0	0		0	0	0	0	0		0	0	0	0	0		0	0	0	0	0		0	0	0	0	0		0	0	0	0	0		0	0	0	0	0		0	0	0	0	0		0	0	0	0	0		0	0	0	0	0		0	0	0	0	0		0	0	0	0	0		0	0	0	0	0
2		4866271	4866327	530	192	8		4866955	4867021	578	405	9		0	0	0	0	0		0	0	0	0	0		0	0	0	0	0		0	0	0	0	0		0	0	0	0	0		0	0	0	0	0		0	0	0	0	0		0	0	0	0	0		0	0	0	0	0		0	0	0	0	0		0	0	0	0	0		0	0	0	0	0		0	0	0	0	0		0	0	0	0	0		0	0	0	0	0		0	0	0	0	0		0	0	0	0	0		0	0	0	0	0		0	0	0	0	0		0	0	0	0	0		0	0	0	0	0		0	0	0	0	0		0	0	0	0	0		0	0	0	0	0		0	0	0	0	0		0	0	0	0	0
13		4870403	4870454	386	337	6		4870589	4870637	246	304	5		4870739	4870788	358	202	6		4870957	4871007	501	204	5		4871100	4871160	553	381	7		4871419	4871474	726	467	8		4871591	4871658	634	197	12		4871845	4871909	772	399	9		4872100	4872142	663	393	4		4872318	4872360	617	328	3		4872859	4872936	307	387	12		4873082	4873147	619	295	13		4873912	4874128	597	417	5		0	0	0	0	0		0	0	0	0	0		0	0	0	0	0		0	0	0	0	0		0	0	0	0	0		0	0	0	0	0		0	0	0	0	0		0	0	0	0	0		0	0	0	0	0		0	0	0	0	0		0	0	0	0	0		0	0	0	0	0		0	0	0	0	0		0	0	0	0	0		0	0	0	0	0
2		4878352	4878410	728	503	9		4879173	4879399	595	361	8		0	0	0	0	0		0	0	0	0	0		0	0	0	0	0		0	0	0	0	0		0	0	0	0	0		0	0	0	0	0		0	0	0	0	0		0	0	0	0	0		0	0	0	0	0		0	0	0	0	0		0	0	0	0	0		0	0	0	0	0		0	0	0	0	0		0	0	0	0	0		0	0	0	0	0		0	0	0	0	0		0	0	0	0	0		0	0	0	0	0		0	0	0	0	0		0	0	0	0	0		0	0	0	0	0		0	0	0	0	0		0	0	0	0	0		0	0	0	0	0		0	0	0	0	0		0	0	0	0	0
3		4884667	4884721	379	298	6		4885566	4885770	714	456	15		4885793	4885817	701	494	2		0	0	0	0	0		0	0	0	0	0		0	0	0	0	0		0	0	0	0	0		0	0	0	0	0		0	0	0	0	0		0	0	0	0	0		0	0	0	0	0		0	0	0	0	0		0	0	0	0	0		0	0	0	0	0		0	0	0	0	0		0	0	0	0	0		0	0	0	0	0		0	0	0	0	0		0	0	0	0	0		0	0	0	0	0		0	0	0	0	0		0	0	0	0	0		0	0	0	0	0		0	0	0	0	0		0	0	0	0	0		0	0	0	0	0		0	0	0	0	0		0	0	0	0	0
2		4892308	4892373	654	600	10		4892942	4893007	504	360	11		0	0	0	0	0		0	0	0	0	0		0	0	0	0	0		0	0	0	0	0		0	0	0	0	0		0	0	0	0	0		0	0	0	0	0		0	0	0	0	0		0	0	0	0	0		0	0	0	0	0		0	0	0	0	0		0	0	0	0	0		0	0	0	0	0		0	0	0	0	0		0	0	0	0	0		0	0	0	0	0		0	0	0	0	0		0	0	0	0	0		0	0	0	0	0		0	0	0	0	0		0	0	0	0	0		0	0	0	0	0		0	0	0	0	0		0	0	0	0	0		0	0	0	0	0		0	0	0	0	0
3		4899578	4899648	243	486	12		4899855	4899924	586	405	14		4900416	4900476	364	487	9		0	0	0	0	0		0	0	0	0	0		0	0	0	0	0		0	0	0	0	0		0	0	0	0	0		0	0	0	0	0		0	0	0	0	0		0	0	0	0	0		0	0	0	0	0		0	0	0	0	0		0	0	0	0	0		0	0	0	0	0		0	0	0	0	0		0	0	0	0	0		0	0	0	0	0		0	0	0	0	0		0	0	0	0	0		0	0	0	0	0		0	0	0	0	0		0	0	0	0	0		0	0	0	0	0		0	0	0	0	0		0	0	0	0	0		0	0	0	0	0		0	0	0	0	0
3		4915776	4915842	235	329	12		4916125	4916403	494	301	10		4916612	4916661	327	350	5		0	0	0	0	0		0	0	0	0	0		0	0	0	0	0		0	0	0	0	0		0	0	0	0	0		0	0	0	0	0		0	0	0	0	0		0	0	0	0	0		0	0	0	0	0		0	0	0	0	0		0	0	0	0	0		0	0	0	0	0		0	0	0	0	0		0	0	0	0	0		0	0	0	0	0		0	0	0	0	0		0	0	0	0	0		0	0	0	0	0		0	0	0	0	0		0	0	0	0	0		0	0	0	0	0		0	0	0	0	0		0	0	0	0	0		0	0	0	0	0		0	0	0	0	0
8		4922894	4922956	336	300	8		4923188	4923257	609	224	12		4923383	4923445	823	170	9		4923784	4923835	664	146	6		4924054	4924118	919	155	10		4924599	4924789	955	164	1		4925691	4925906	869	381	9		4925936	4925950	853	446	2		0	0	0	0	0		0	0	0	0	0		0	0	0	0	0		0	0	0	0	0		0	0	0	0	0		0	0	0	0	0		0	0	0	0	0		0	0	0	0	0		0	0	0	0	0		0	0	0	0	0		0	0	0	0	0		0	0	0	0	0		0	0	0	0	0		0	0	0	0	0		0	0	0	0	0		0	0	0	0	0		0	0	0	0	0		0	0	0	0	0		0	0	0	0	0		0	0	0	0	0
2		4930616	4930673	721	296	9		4931171	4931435	579	406	8		0	0	0	0	0		0	0	0	0	0		0	0	0	0	0		0	0	0	0	0		0	0	0	0	0		0	0	0	0	0		0	0	0	0	0		0	0	0	0	0		0	0	0	0	0		0	0	0	0	0		0	0	0	0	0		0	0	0	0	0		0	0	0	0	0		0	0	0	0	0		0	0	0	0	0		0	0	0	0	0		0	0	0	0	0		0	0	0	0	0		0	0	0	0	0		0	0	0	0	0		0	0	0	0	0		0	0	0	0	0		0	0	0	0	0		0	0	0	0	0		0	0	0	0	0		0	0	0	0	0
2		4934641	4934696	746	234	11		4935175	4935444	583	486	13		0	0	0	0	0		0	0	0	0	0		0	0	0	0	0		0	0	0	0	0		0	0	0	0	0		0	0	0	0	0		0	0	0	0	0		0	0	0	0	0		0	0	0	0	0		0	0	0	0	0		0	0	0	0	0		0	0	0	0	0		0	0	0	0	0		0	0	0	0	0		0	0	0	0	0		0	0	0	0	0		0	0	0	0	0		0	0	0	0	0		0	0	0	0	0		0	0	0	0	0		0	0	0	0	0		0	0	0	0	0		0	0	0	0	0		0	0	0	0	0		0	0	0	0	0		0	0	0	0	0
6		4941277	4941322	413	388	4		4941409	4941457	470	270	5		4941672	4941719	346	281	5		4941875	4941936	513	356	8		4942042	4942110	303	142	12		4942723	4942953	654	369	16		0	0	0	0	0		0	0	0	0	0		0	0	0	0	0		0	0	0	0	0		0	0	0	0	0		0	0	0	0	0		0	0	0	0	0		0	0	0	0	0		0	0	0	0	0		0	0	0	0	0		0	0	0	0	0		0	0	0	0	0		0	0	0	0	0		0	0	0	0	0		0	0	0	0	0		0	0	0	0	0		0	0	0	0	0		0	0	0	0	0		0	0	0	0	0		0	0	0	0	0		0	0	0	0	0		0	0	0	0	0
3		4947110	4947285	289	610	13		4947497	4947561	505	435	12		4947851	4948044	583	361	4		0	0	0	0	0		0	0	0	0	0		0	0	0	0	0		0	0	0	0	0		0	0	0	0	0		0	0	0	0	0		0	0	0	0	0		0	0	0	0	0		0	0	0	0	0		0	0	0	0	0		0	0	0	0	0		0	0	0	0	0		0	0	0	0	0		0	0	0	0	0		0	0	0	0	0		0	0	0	0	0		0	0	0	0	0		0	0	0	0	0		0	0	0	0	0		0	0	0	0	0		0	0	0	0	0		0	0	0	0	0		0	0	0	0	0		0	0	0	0	0		0	0	0	0	0
4		4952293	4952360	416	596	9		4952564	4952627	577	379	11		4953018	4953086	431	601	10		4953239	4953309	-32768	-32768	5500000		0	0	0	0	0		0	0	0	0	0		0	0	0	0	0		0	0	0	0	0		0	0	0	0	0		0	0	0	0	0		0	0	0	0	0		0	0	0	0	0		0	0	0	0	0		0	0	0	0	0		0	0	0	0	0		0	0	0	0	0		0	0	0	0	0		0	0	0	0	0		0	0	0	0	0		0	0	0	0	0		0	0	0	0	0		0	0	0	0	0		0	0	0	0	0		0	0	0	0	0		0	0	0	0	0		0	0	0	0	0		0	0	0	0	0		0	0	0	0	0
5		4957199	4957251	376	339	6		4957367	4957430	607	522	12		4957611	4957667	405	524	8		4957811	4957864	570	535	7		4958293	4958622	593	489	2		0	0	0	0	0		0	0	0	0	0		0	0	0	0	0		0	0	0	0	0		0	0	0	0	0		0	0	0	0	0		0	0	0	0	0		0	0	0	0	0		0	0	0	0	0		0	0	0	0	0		0	0	0	0	0		0	0	0	0	0		0	0	0	0	0		0	0	0	0	0		0	0	0	0	0		0	0	0	0	0		0	0	0	0	0		0	0	0	0	0		0	0	0	0	0		0	0	0	0	0		0	0	0	0	0		0	0	0	0	0		0	0	0	0	0
3		4961484	4961527	410	409	4		4961950	4961999	524	390	5		4962157	4962377	646	393	4		0	0	0	0	0		0	0	0	0	0		0	0	0	0	0		0	0	0	0	0		0	0	0	0	0		0	0	0	0	0		0	0	0	0	0		0	0	0	0	0		0	0	0	0	0		0	0	0	0	0		0	0	0	0	0		0	0	0	0	0		0	0	0	0	0		0	0	0	0	0		0	0	0	0	0		0	0	0	0	0		0	0	0	0	0		0	0	0	0	0		0	0	0	0	0		0	0	0	0	0		0	0	0	0	0		0	0	0	0	0		0	0	0	0	0		0	0	0	0	0		0	0	0	0	0
15		4967090	4967135	497	288	5		4967328	4967388	595	440	8		4967533	4967586	433	486	7		4967679	4967719	397	432	2		4967801	4967872	758	330	15		4968035	4968082	781	206	4		4968276	4968348	712	471	11		4968540	4968597	504	481	8		4968701	4968763	700	634	10		4968901	4968960	499	632	8		4969133	4969202	508	295	13		4969442	4969498	397	213	6		4969729	4969796	325	474	11		4969975	4970029	167	460	7		4970672	4970939	557	448	16		0	0	0	0	0		0	0	0	0	0		0	0	0	0	0		0	0	0	0	0		0	0	0	0	0		0	0	0	0	0		0	0	0	0	0		0	0	0	0	0		0	0	0	0	0		0	0	0	0	0		0	0	0	0	0		0	0	0	0	0		0	0	0	0	0
4		4974123	4974340	457	358	3		4974503	4974559	463	525	6		4974748	4974791	565	531	4		4975212	4975430	612	349	7		0	0	0	0	0		0	0	0	0	0		0	0	0	0	0		0	0	0	0	0		0	0	0	0	0		0	0	0	0	0		0	0	0	0	0		0	0	0	0	0		0	0	0	0	0		0	0	0	0	0		0	0	0	0	0		0	0	0	0	0		0	0	0	0	0		0	0	0	0	0		0	0	0	0	0		0	0	0	0	0		0	0	0	0	0		0	0	0	0	0		0	0	0	0	0		0	0	0	0	0		0	0	0	0	0		0	0	0	0	0		0	0	0	0	0		0	0	0	0	0
2		4979355	4979408	529	212	7		4979913	4980213	653	520	14		0	0	0	0	0		0	0	0	0	0		0	0	0	0	0		0	0	0	0	0		0	0	0	0	0		0	0	0	0	0		0	0	0	0	0		0	0	0	0	0		0	0	0	0	0		0	0	0	0	0		0	0	0	0	0		0	0	0	0	0		0	0	0	0	0		0	0	0	0	0		0	0	0	0	0		0	0	0	0	0		0	0	0	0	0		0	0	0	0	0		0	0	0	0	0		0	0	0	0	0		0	0	0	0	0		0	0	0	0	0		0	0	0	0	0		0	0	0	0	0		0	0	0	0	0		0	0	0	0	0
3		4984587	4984632	594	259	6		4984860	4984888	707	185	5		4985258	4985567	719	168	1		0	0	0	0	0		0	0	0	0	0		0	0	0	0	0		0	0	0	0	0		0	0	0	0	0		0	0	0	0	0		0	0	0	0	0		0	0	0	0	0		0	0	0	0	0		0	0	0	0	0		0	0	0	0	0		0	0	0	0	0		0	0	0	0	0		0	0	0	0	0		0	0	0	0	0		0	0	0	0	0		0	0	0	0	0		0	0	0	0	0		0	0	0	0	0		0	0	0	0	0		0	0	0	0	0		0	0	0	0	0		0	0	0	0	0		0	0	0	0	0		0	0	0	0	0
6		4987677	4987753	189	528	14		4987847	4987902	122	635	5		4988137	4988204	401	477	12		4988367	4988436	149	605	11		4988752	4988795	106	638	2		4989756	4990006	563	315	22		0	0	0	0	0		0	0	0	0	0		0	0	0	0	0		0	0	0	0	0		0	0	0	0	0		0	0	0	0	0		0	0	0	0	0		0	0	0	0	0		0	0	0	0	0		0	0	0	0	0		0	0	0	0	0		0	0	0	0	0		0	0	0	0	0		0	0	0	0	0		0	0	0	0	0		0	0	0	0	0		0	0	0	0	0		0	0	0	0	0		0	0	0	0	0		0	0	0	0	0		0	0	0	0	0		0	0	0	0	0
2		4993581	4993645	272	417	10		4994258	4994314	485	393	8		0	0	0	0	0		0	0	0	0	0		0	0	0	0	0		0	0	0	0	0		0	0	0	0	0		0	0	0	0	0		0	0	0	0	0		0	0	0	0	0		0	0	0	0	0		0	0	0	0	0		0	0	0	0	0		0	0	0	0	0		0	0	0	0	0		0	0	0	0	0		0	0	0	0	0		0	0	0	0	0		0	0	0	0	0		0	0	0	0	0		0	0	0	0	0		0	0	0	0	0		0	0	0	0	0		0	0	0	0	0		0	0	0	0	0		0	0	0	0	0		0	0	0	0	0		0	0	0	0	0
22		4998491	4998551	309	518	10		4998664	4998727	417	227	12		4998902	4998962	438	428	8		4999108	4999165	565	244	9		4999369	4999429	659	388	7		4999593	4999657	404	408	10		4999797	4999862	674	405	11		4999997	5000066	395	255	12		5000206	5000270	628	399	10		5000426	5000480	585	214	7		5000614	5000668	776	169	8		5000788	5000830	899	162	4		5000869	5000947	398	162	20		5001228	5001278	256	155	6		5001382	5001441	486	148	10		5001539	5001585	608	162	5		5001932	5001995	399	164	9		5002120	5002185	676	167	11		5002532	5002668	615	558	15		5002804	5002878	637	126	18		5003168	5003410	745	558	17		5003743	5003793	-32768	-32768	5400000		0	0	0	0	0		0	0	0	0	0		0	0	0	0	0		0	0	0	0	0		0	0	0	0	0		0	0	0	0	0
4		5006308	5006361	457	257	6		5006513	5006575	672	213	9		5006791	5006848	861	308	8		5007360	5007592	591	448	12		0	0	0	0	0		0	0	0	0	0		0	0	0	0	0		0	0	0	0	0		0	0	0	0	0		0	0	0	0	0		0	0	0	0	0		0	0	0	0	0		0	0	0	0	0		0	0	0	0	0		0	0	0	0	0		0	0	0	0	0		0	0	0	0	0		0	0	0	0	0		0	0	0	0	0		0	0	0	0	0		0	0	0	0	0		0	0	0	0	0		0	0	0	0	0		0	0	0	0	0		0	0	0	0	0		0	0	0	0	0		0	0	0	0	0		0	0	0	0	0
4		5014171	5014218	586	470	4		5014566	5014626	507	278	9		5014920	5014980	594	473	9		5015407	5015585	613	395	4		0	0	0	0	0		0	0	0	0	0		0	0	0	0	0		0	0	0	0	0		0	0	0	0	0		0	0	0	0	0		0	0	0	0	0		0	0	0	0	0		0	0	0	0	0		0	0	0	0	0		0	0	0	0	0		0	0	0	0	0		0	0	0	0	0		0	0	0	0	0		0	0	0	0	0		0	0	0	0	0		0	0	0	0	0		0	0	0	0	0		0	0	0	0	0		0	0	0	0	0		0	0	0	0	0		0	0	0	0	0		0	0	0	0	0		0	0	0	0	0
10		5019861	5019912	632	399	5		5020039	5020093	448	391	8		5020223	5020265	449	298	4		5020379	5020425	577	300	5		5020622	5020671	652	197	5		5020862	5020918	597	340	6		5021205	5021274	818	533	11		5021463	5021521	680	398	7		5021636	5021681	604	313	4		5022240	5022501	660	501	9		0	0	0	0	0		0	0	0	0	0		0	0	0	0	0		0	0	0	0	0		0	0	0	0	0		0	0	0	0	0		0	0	0	0	0		0	0	0	0	0		0	0	0	0	0		0	0	0	0	0		0	0	0	0	0		0	0	0	0	0		0	0	0	0	0		0	0	0	0	0		0	0	0	0	0		0	0	0	0	0		0	0	0	0	0		0	0	0	0	0
9		5029778	5029821	493	311	4		5029933	5029998	646	477	10		5030143	5030209	652	214	10		5030379	5030446	650	452	9		5030606	5030653	730	312	6		5030789	5030860	696	604	12		5031069	5031131	790	405	8		5031329	5031395	658	624	10		5032340	5032596	513	346	12		0	0	0	0	0		0	0	0	0	0		0	0	0	0	0		0	0	0	0	0		0	0	0	0	0		0	0	0	0	0		0	0	0	0	0		0	0	0	0	0		0	0	0	0	0		0	0	0	0	0		0	0	0	0	0		0	0	0	0	0		0	0	0	0	0		0	0	0	0	0		0	0	0	0	0		0	0	0	0	0		0	0	0	0	0		0	0	0	0	0		0	0	0	0	0
2		5037457	5037518	739	209	11		5038068	5038143	619	478	11		0	0	0	0	0		0	0	0	0	0		0	0	0	0	0		0	0	0	0	0		0	0	0	0	0		0	0	0	0	0		0	0	0	0	0		0	0	0	0	0		0	0	0	0	0		0	0	0	0	0		0	0	0	0	0		0	0	0	0	0		0	0	0	0	0		0	0	0	0	0		0	0	0	0	0		0	0	0	0	0		0	0	0	0	0		0	0	0	0	0		0	0	0	0	0		0	0	0	0	0		0	0	0	0	0		0	0	0	0	0		0	0	0	0	0		0	0	0	0	0		0	0	0	0	0		0	0	0	0	0
2		5043121	5043179	425	558	8		5043620	5043970	581	425	9		0	0	0	0	0		0	0	0	0	0		0	0	0	0	0		0	0	0	0	0		0	0	0	0	0		0	0	0	0	0		0	0	0	0	0		0	0	0	0	0		0	0	0	0	0		0	0	0	0	0		0	0	0	0	0		0	0	0	0	0		0	0	0	0	0		0	0	0	0	0		0	0	0	0	0		0	0	0	0	0		0	0	0	0	0		0	0	0	0	0		0	0	0	0	0		0	0	0	0	0		0	0	0	0	0		0	0	0	0	0		0	0	0	0	0		0	0	0	0	0		0	0	0	0	0		0	0	0	0	0
7		5047953	5048010	368	322	6		5048168	5048211	487	373	6		5048618	5048677	380	172	10		5048896	5048963	496	379	10		5049130	5049196	375	154	10		5049625	5049687	506	347	9		5049811	5050131	514	307	2		0	0	0	0	0		0	0	0	0	0		0	0	0	0	0		0	0	0	0	0		0	0	0	0	0		0	0	0	0	0		0	0	0	0	0		0	0	0	0	0		0	0	0	0	0		0	0	0	0	0		0	0	0	0	0		0	0	0	0	0		0	0	0	0	0		0	0	0	0	0		0	0	0	0	0		0	0	0	0	0		0	0	0	0	0		0	0	0	0	0		0	0	0	0	0		0	0	0	0	0		0	0	0	0	0
7		5053575	5053624	398	334	5		5053732	5053803	609	621	14		5053971	5054037	525	370	10		5054201	5054266	626	616	10		5054924	5054979	609	463	6		5055120	5055183	648	644	8		5055672	5055947	516	397	11		0	0	0	0	0		0	0	0	0	0		0	0	0	0	0		0	0	0	0	0		0	0	0	0	0		0	0	0	0	0		0	0	0	0	0		0	0	0	0	0		0	0	0	0	0		0	0	0	0	0		0	0	0	0	0		0	0	0	0	0		0	0	0	0	0		0	0	0	0	0		0	0	0	0	0		0	0	0	0	0		0	0	0	0	0		0	0	0	0	0		0	0	0	0	0		0	0	0	0	0		0	0	0	0	0
8		5059536	5059569	425	326	4		5059721	5059771	485	534	8		5060012	5060086	511	289	11		5060283	5060334	405	168	6		5060529	5060591	669	336	13		5060897	5060975	304	621	18		5061160	5061211	145	659	6		5061797	5062083	522	355	19		0	0	0	0	0		0	0	0	0	0		0	0	0	0	0		0	0	0	0	0		0	0	0	0	0		0	0	0	0	0		0	0	0	0	0		0	0	0	0	0		0	0	0	0	0		0	0	0	0	0		0	0	0	0	0		0	0	0	0	0		0	0	0	0	0		0	0	0	0	0		0	0	0	0	0		0	0	0	0	0		0	0	0	0	0		0	0	0	0	0		0	0	0	0	0		0	0	0	0	0
14		5065176	5065242	309	514	10		5065292	5065334	511	400	9		5065498	5065555	792	289	11		5065790	5065854	520	448	12		5066085	5066147	280	514	10		5066247	5066301	120	629	7		5066423	5066494	407	399	14		5066709	5066765	347	253	7		5066871	5066929	467	357	7		5067065	5067124	581	505	8		5067257	5067324	662	232	11		5067563	5067623	861	281	8		5067920	5067975	709	155	8		5068180	5068450	672	384	9		0	0	0	0	0		0	0	0	0	0		0	0	0	0	0		0	0	0	0	0		0	0	0	0	0		0	0	0	0	0		0	0	0	0	0		0	0	0	0	0		0	0	0	0	0		0	0	0	0	0		0	0	0	0	0		0	0	0	0	0		0	0	0	0	0		0	0	0	0	0
8		5072608	5072659	395	291	6		5072814	5072873	688	297	12		5073025	5073069	827	285	5		5073199	5073245	924	349	4		5073671	5073725	923	199	6		5073921	5073980	933	354	6		5074419	5074492	538	390	15		5074629	5074885	606	434	3		0	0	0	0	0		0	0	0	0	0		0	0	0	0	0		0	0	0	0	0		0	0	0	0	0		0	0	0	0	0		0	0	0	0	0		0	0	0	0	0		0	0	0	0	0		0	0	0	0	0		0	0	0	0	0		0	0	0	0	0		0	0	0	0	0		0	0	0	0	0		0	0	0	0	0		0	0	0	0	0		0	0	0	0	0		0	0	0	0	0		0	0	0	0	0		0	0	0	0	0
10		5078193	5078242	703	411	8		5078384	5078434	837	527	6		5078582	5078644	608	636	10		5078783	5078848	695	378	11		5078982	5079031	834	324	6		5079165	5079233	568	179	12		5079350	5079411	354	168	9		5079579	5079621	463	164	4		5079682	5079754	144	162	13		5080261	5080532	535	400	17		0	0	0	0	0		0	0	0	0	0		0	0	0	0	0		0	0	0	0	0		0	0	0	0	0		0	0	0	0	0		0	0	0	0	0		0	0	0	0	0		0	0	0	0	0		0	0	0	0	0		0	0	0	0	0		0	0	0	0	0		0	0	0	0	0		0	0	0	0	0		0	0	0	0	0		0	0	0	0	0		0	0	0	0	0		0	0	0	0	0
19		5085279	5085475	540	362	1		5085608	5085669	311	289	10		5085816	5085870	220	150	6		5086027	5086078	379	165	7		5086212	5086283	244	443	12		5086456	5086519	305	646	8		5086646	5086703	106	650	7		5086796	5086867	489	624	15		5087116	5087182	723	470	11		5087248	5087302	717	325	6		5087452	5087529	388	632	18		5087920	5087974	615	394	13		5088169	5088240	401	626	14		5088847	5088933	741	197	21		5089191	5089269	458	575	19		5089613	5089675	565	368	9		5089817	5089888	412	618	12		5090205	5090276	344	340	11		5090551	5090792	528	331	7		0	0	0	0	0		0	0	0	0	0		0	0	0	0	0		0	0	0	0	0		0	0	0	0	0		0	0	0	0	0		0	0	0	0	0		0	0	0	0	0		0	0	0	0	0
6		5098114	5098349	593	404	4		5098495	5098552	713	236	8		5098731	5098797	519	380	10		5098941	5099003	728	510	10		5099157	5099222	503	373	10		5099924	5100007	-32768	-32768	5600000		0	0	0	0	0		0	0	0	0	0		0	0	0	0	0		0	0	0	0	0		0	0	0	0	0		0	0	0	0	0		0	0	0	0	0		0	0	0	0	0		0	0	0	0	0		0	0	0	0	0		0	0	0	0	0		0	0	0	0	0		0	0	0	0	0		0	0	0	0	0		0	0	0	0	0		0	0	0	0	0		0	0	0	0	0		0	0	0	0	0		0	0	0	0	0		0	0	0	0	0		0	0	0	0	0		0	0	0	0	0
7		5104103	5104162	329	292	8		5104305	5104367	501	447	9		5104562	5104625	298	520	8		5104794	5104853	529	370	11		5105026	5105093	232	447	12		5105345	5105402	222	263	7		5105848	5105913	432	433	11		0	0	0	0	0		0	0	0	0	0		0	0	0	0	0		0	0	0	0	0		0	0	0	0	0		0	0	0	0	0		0	0	0	0	0		0	0	0	0	0		0	0	0	0	0		0	0	0	0	0		0	0	0	0	0		0	0	0	0	0		0	0	0	0	0		0	0	0	0	0		0	0	0	0	0		0	0	0	0	0		0	0	0	0	0		0	0	0	0	0		0	0	0	0	0		0	0	0	0	0		0	0	0	0	0
6		5111235	5111287	656	233	8		5111700	5111727	790	168	5		5111899	5111964	521	162	11		5112160	5112208	390	162	6		5112732	5112956	645	542	18		5112979	5112996	618	559	2		0	0	0	0	0		0	0	0	0	0		0	0	0	0	0		0	0	0	0	0		0	0	0	0	0		0	0	0	0	0		0	0	0	0	0		0	0	0	0	0		0	0	0	0	0		0	0	0	0	0		0	0	0	0	0		0	0	0	0	0		0	0	0	0	0		0	0	0	0	0		0	0	0	0	0		0	0	0	0	0		0	0	0	0	0		0	0	0	0	0		0	0	0	0	0		0	0	0	0	0		0	0	0	0	0		0	0	0	0	0
3		5118026	5118089	799	326	11		5118289	5118323	895	213	5		5118973	5119048	-32768	-32768	5300000		0	0	0	0	0		0	0	0	0	0		0	0	0	0	0		0	0	0	0	0		0	0	0	0	0		0	0	0	0	0		0	0	0	0	0		0	0	0	0	0		0	0	0	0	0		0	0	0	0	0		0	0	0	0	0		0	0	0	0	0		0	0	0	0	0		0	0	0	0	0		0	0	0	0	0		0	0	0	0	0		0	0	0	0	0		0	0	0	0	0		0	0	0	0	0		0	0	0	0	0		0	0	0	0	0		0	0	0	0	0		0	0	0	0	0		0	0	0	0	0		0	0	0	0	0
3		5124008	5124076	858	485	14		5124637	5124696	577	367	12		5124869	5124905	-32768	-32768	5600000		0	0	0	0	0		0	0	0	0	0		0	0	0	0	0		0	0	0	0	0		0	0	0	0	0		0	0	0	0	0		0	0	0	0	0		0	0	0	0	0		0	0	0	0	0		0	0	0	0	0		0	0	0	0	0		0	0	0	0	0		0	0	0	0	0		0	0	0	0	0		0	0	0	0	0		0	0	0	0	0		0	0	0	0	0		0	0	0	0	0		0	0	0	0	0		0	0	0	0	0		0	0	0	0	0		0	0	0	0	0		0	0	0	0	0		0	0	0	0	0		0	0	0	0	0
6		5131233	5131288	362	308	7		5131431	5131489	558	444	10		5131661	5131716	511	249	8		5132070	5132123	517	352	5		5132974	5133018	461	279	4		5133345	5133658	476	243	1		0	0	0	0	0		0	0	0	0	0		0	0	0	0	0		0	0	0	0	0		0	0	0	0	0		0	0	0	0	0		0	0	0	0	0		0	0	0	0	0		0	0	0	0	0		0	0	0	0	0		0	0	0	0	0		0	0	0	0	0		0	0	0	0	0		0	0	0	0	0		0	0	0	0	0		0	0	0	0	0		0	0	0	0	0		0	0	0	0	0		0	0	0	0	0		0	0	0	0	0		0	0	0	0	0		0	0	0	0	0
1		5136696	5136762	313	188	11		0	0	0	0	0		0	0	0	0	0		0	0	0	0	0		0	0	0	0	0		0	0	0	0	0		0	0	0	0	0		0	0	0	0	0		0	0	0	0	0		0	0	0	0	0		0	0	0	0	0		0	0	0	0	0		0	0	0	0	0		0	0	0	0	0		0	0	0	0	0		0	0	0	0	0		0	0	0	0	0		0	0	0	0	0		0	0	0	0	0		0	0	0	0	0		0	0	0	0	0		0	0	0	0	0		0	0	0	0	0		0	0	0	0	0		0	0	0	0	0		0	0	0	0	0		0	0	0	0	0		0	0	0	0	0
