											
	7438836.7		0	3510.9	7439686.3	7439719.7	740.7	467.9	644.1	698.2	4.1
	7438836.7		0	3510.9	7440095.2	7440120.2	617.1	716.3	704.5	508.8	3.6
	7438836.7		0	3510.9	7440762.6	7440779.3	703.2	521.4	626.4	717.4	3
	7438836.7		0	3510.9	7441254.8	7441271.4	630.5	717.8	689.6	508.9	3
	7442348.4		0	1349.2	7442464.4	7442481.1	712.5	489.5	601.1	656.8	3.3
	7442348.4		0	1349.2	7442631.3	7442639.6	586.2	698	586.1	746	0.4
	7443699.1		0	1491.6	7443872.7	7443897.8	602.5	756.9	682	478.7	5.1
	7443699.1		0	1491.6	7444039.8	7444056.5	709.2	461.8	850.9	460.8	2.2
	7445196.9		0	1420.4	7445449.4	7445474.4	810.4	450.5	557.4	538.4	4.8
	7445196.9		0	1420.4	7445624.6	7445632.9	510.8	591.1	510.2	592.2	0.1
	7446624.4		0	1461.2	7446817.6	7446851	528.6	613.3	805.6	383.9	7
	7446624.4		0	1461.2	7447001.1	7447034.5	801.3	373.6	1118	500.9	6.4
	7446624.4		0	1461.2	7447159.6	7447168.1	1152.1	516.6	1222.7	519.6	0.7
	7448091.6		0	1554	7448310.8	7448360.9	1265.8	544.7	687.8	494.9	11.8
	7448091.6		0	1554	7448594.6	7448628	681.7	478.2	272.3	377.2	8.7
	7448091.6		0	1554	7448769.7	7448778	185.4	375.5	177.1	374.9	0.1
	7449651.2		0	1512.8	7449812.5	7449862.5	147.5	365.8	786.4	442.7	13.2
	7449651.2		0	1512.8	7450179.5	7450196.2	798.3	453.8	821	239.7	2.8
	7449651.2		0	1512.8	7450346.4	7450354.8	850.5	170.6	857.6	172.8	0.1
	7451169.6		0	1546.1	7451330.8	7451356	886.7	161.9	655.1	313.9	3.8
	7451169.6		0	1546.1	7451480.9	7451531.1	650.7	331.4	1049.2	642.3	11.9
	7451169.6		0	1546.1	7452148.3	7452156.7	1020.2	701.9	1017.3	699.3	0.1
	7452722		0	1520.2	7452807.7	7452849.1	1023.2	682.8	671.9	437.4	9.8
	7452722		0	1520.2	7453324.8	7453333	679.5	355.5	679.6	354.8	0
	7454249		0	1111.2	7454659.3	7454701.1	691.6	362.8	1137	324.9	8
	7454249		0	1111.2	7454851.3	7454918	1159	312.5	378.3	653.7	23.8
	7454249		0	1111.2	7455051.5	7455059.8	301.7	672.3	284.8	674.7	0.6
	7455361.9		0	1066.1	7455518.7	7455560.5	290	680.4	740.8	381.1	10.6
	7455361.9		0	1066.1	7455727.2	7455743.9	756.4	414.2	626.8	635.5	3.8
	7456433.4		0	887.3	7456669.9	7456678.2	690.2	619.5	706	594.7	0.4
	7456433.4		0	887.3	7456828.4	7456836.8	724.8	652.7	723.3	662.7	0.4
	7457324.7		0	938.7	7457529.1	7457562.5	745.4	680.7	669.3	353.4	5.4
	7457324.7		0	938.7	7457671	7457696	707.3	405.4	997.3	613.1	6.9
	7458265.5		0	873.9	7458546.9	7458555.3	952.7	672.5	939.7	673.4	0.2
	7459144.6		0	1112.6	7459339.4	7459364.6	860.3	690.8	688.9	455.3	6
	7459144.6		0	1112.6	7459606.5	7459664.8	687.6	425.7	1148.8	253	11.9
	7459144.6		0	1112.6	7459823.3	7459840	1159.1	194.8	1158.2	142.6	0.8
	7460264.3		0	960.7	7460432.2	7460474	1148.6	132.1	742.7	319.2	8.6
	7460264.3		0	960.7	7460582.5	7460624.2	750.4	329.4	1293.3	89.9	12
	7460264.3		0	960.7	7460774.4	7460784	1309.2	116.6	1379.4	104.9	0.7
	7460264.3		0	960.7	7460891.2	7460899.5	1421.3	85	1353.7	92.4	0.5
	7460264.3		0	960.7	7460991.3	7460999.6	1358.9	116.3	1338.8	115.8	0.4
	7460264.3		0	960.7	7461216.5	7461225	1397.3	94.6	1400.9	89.1	0.3
	7461226.8		0	940.9	7461325	7461433.4	1383	113.6	824.1	439.8	18.3
	7461226.8		0	940.9	7461683.7	7461758.7	822.2	416	339.7	163.5	13.3
	7461226.8		0	940.9	7461917.3	7461925.6	312.4	116.6	288.1	116	0.4
	7462170.2		0	1440.5	7462342.7	7462376.1	261.5	146.8	651.9	351.5	8.1
	7462170.2		0	1440.5	7462634.7	7462659.7	656.2	353.2	955.7	358	4.7
	7462170.2		0	1440.5	7462801.7	7462834.9	1031.9	375.1	1212.6	112.3	5.2
	7462170.2		0	1440.5	7463085.3	7463093.6	1242	86.3	1296.1	87	0.3
	7463612.8		0	1282.7	7463760.9	7463802.7	1214.9	113.1	732.6	476.4	12.3
	7463612.8		0	1282.7	7463969.5	7463994.5	648.4	484.5	432	539.9	4.1
	7463612.8		0	1282.7	7464094.6	7464128	486.5	543.2	429	541.6	1.4
	7464899.2		0	1089.2	7465095.7	7465195.8	447.6	553.9	541.4	519.6	8.8
	7464899.2		0	1089.2	7465329.3	7465337.6	477.3	537.5	486.8	583.3	0.5
	7464899.2		0	1089.2	7465446.1	7465454.5	447.3	583.8	440.3	582.5	0.3
	7464899.2		0	1089.2	7465979.9	7465988.4	497.2	610.8	501.2	612	0.1
	7465995.6		0	1227.5	7466163.6	7466205.2	489.4	614.2	788.5	496.7	7.1
	7465995.6		0	1227.5	7466380.4	7466422.2	817.5	476.7	1050.5	266.4	6.4
	7467226.7		0	1281.1	7467398.1	7467531.6	1042.3	248.8	1074.4	357.4	18.5
	7467226.7		0	1281.1	7467915.4	7467923.8	1158	361.5	1159.7	362.2	0
	7468512.7		0	1213.1	7468666.2	7468691.2	1154.9	357.7	856	427.2	4.3
	7468512.7		0	1213.1	7468816.3	7468849.7	845.2	454.7	979.4	755.4	6.3
	7468512.7		0	1213.1	7469116.8	7469125.1	1043.9	787.8	1046.3	785.9	0.1
	7469727.4		0	1116.2	7469734.1	7469792.4	1054.3	788.5	695.1	695.9	8.5
	7469727.4		0	1116.2	7469975.9	7470017.7	654.4	657.9	697	163.9	8.7
	7469727.4		0	1116.2	7470192.9	7470242.9	737	159.5	1248.8	724.7	18
	7469727.4		0	1116.2	7470384.8	7470393.4	1245.3	765.8	1277.9	800.3	0.6
	7469727.4		0	1116.2	7470643.7	7470651.7	1328.9	846	1331.7	846.4	0
	7469727.4		0	1116.2	7470835.3	7470843.6	1298.8	843.6	1180.9	815	0.3
	7470850.1		0	802.7	7470852	7470877	1065.6	686.1	826.3	475.1	7.8
	7470850.1		0	802.7	7471027.2	7471035.5	761.5	453.6	761.5	451.8	0
	7470850.1		0	802.7	7471127.3	7471152.3	754.3	455.4	729.1	695.1	3.7
	7471656.4		0	997.5	7471836.4	7471861.4	712.5	728.2	707.5	403.1	4.8
	7471656.4		0	997.5	7472011.5	7472036.5	730.1	373.6	990	374.6	4.7
	7472659.8		0	1162	7472920.9	7472970.8	1007	399.7	340.3	570.6	14.1
	7472659.8		0	1162	7473162.8	7473196.2	345.8	584.1	618.1	140.1	8.7
	7472659.8		0	1162	7473379.7	7473413.1	626.7	104	890.3	74.9	5
	7473823.9		0	1040.8	7474063.9	7474080.4	873.9	70.3	861.2	278.6	3.2
	7473823.9		0	1040.8	7474188.9	7474197.2	820.7	336.9	819.5	336.8	0
	7473823.9		0	1040.8	7474280.7	7474314	814.9	354.5	522.9	691.3	8.3
	7474868.3		0	1147.6	7475023.2	7475064.9	489.9	692.2	736.9	320.8	8.8
	7474868.3		0	1147.6	7475206.6	7475231.6	750.7	352.6	725.3	672.7	4.9
	7474868.3		0	1147.6	7475315.1	7475323.5	688.6	733.3	686.4	735.2	0.1
	7476016.6		0	833.4	7476232.7	7476266.1	732.4	711.4	1060.5	665.6	6.7
	7476856.4		0	752.9	7477100.3	7477117.1	1037.7	714.3	962.8	774	1.8
	7476856.4		0	752.9	7477292.2	7477300.6	908.7	818.2	904	820	0.1
	7477616.2		0	852.4	7477826.2	7477851.2	883.3	829.2	579.7	775.2	5.8
	7477616.2		0	852.4	7478251.6	7478260	517.9	792	517.1	793	0
	7478472.9		0	846.6	7478677	7478693.8	567.3	801.2	749.7	692	2.9
	7478472.9		0	846.6	7478835.6	7478843.9	765.5	687.5	749.4	768.5	0.6
	7479320.2		0	1083.8	7479578.1	7479611.4	787	746.2	850.6	370	6.7
	7479320.2		0	1083.8	7479836.7	7479903.4	851.3	289.9	1379	174.4	14.3
	7479320.2		0	1083.8	7480087	7480095.2	1367.8	233.2	1365.9	236.5	0.1
	7479320.2		0	1083.8	7480370.6	7480404	1315.3	283.4	1312.5	286.1	0.2
	7480409		0	937.7	7480620.9	7480679.2	1324.2	280.7	627.9	424.2	15.8
	7480409		0	937.7	7480879.4	7480887.9	577	457.3	579.6	468.6	0.2
	7481354.4		0	1101.8	7481571.9	7481588.6	594.3	502.6	685.7	594.3	1.9
	7481354.4		0	1101.8	7481763.8	7481772	729.1	648.5	729.9	651.5	0.1
	7482457.1		0	683.2	7482656.4	7482689.8	729.5	657.2	621	240.2	9.8
	7483143.3		0	667.9	7483348.8	7483373.8	617.1	253.3	885.4	516.4	7.4
	7483143.3		0	667.9	7483515.6	7483524	921.9	572.7	927	574	0.1
	7483811.6		0	805.2	7484007.8	7484041.2	950.2	590.7	624.9	389.4	7.2
	7483811.6		0	805.2	7484241.4	7484266.5	661	350.6	854.8	123	5
	7484623.7		0	869.1	7484942.2	7484983.9	838.8	158.7	425.8	574.3	12.2
	7484623.7		0	869.1	7485125.7	7485142.4	430.4	601.2	294.3	727.8	2.4
	7484623.7		0	869.1	7485301	7485309.4	282.9	807.7	279.4	814.5	0.2
	7485495.8		0	822.9	7485651.3	7485693	276.1	841.6	723.2	398.3	12.9
	7485495.8		0	822.9	7485859.8	7485893.3	727.7	347.3	437.3	701.5	9
	7485495.8		0	822.9	7486035	7486043.5	397.1	701.8	390.3	690	0.4
	7486319.9		0	908.2	7486577.3	7486627.4	390.6	656.8	780.7	267.5	11.6
	7486319.9		0	908.2	7487061.2	7487069.5	768.3	341.3	768	343.6	0
	7487231.6		0	855.8	7487486.6	7487503.4	768.3	355.8	904.8	179.4	2.7
	7487231.6		0	855.8	7487812	7487820.4	942	117.5	941.4	116.2	0
	7488088.4		0	799.8	7488329.2	7488337.6	982.3	125.1	1083.8	61.5	1.3
	7488892.7		0	821.3	7489071.7	7489096.7	1093.8	55.9	883.2	301.5	6.1
	7488892.7		0	821.3	7489296.9	7489321.9	846.7	339.3	1117.5	567.3	4.9
	7488892.7		0	821.3	7489505.5	7489513.8	1086.7	630.7	1080.8	629.9	0.1
	7489720.7		0	677.5	7489956	7489972.6	1040.5	640	892.5	640.5	2.5
	7490399.8		0	1099.6	7490673.3	7490706.7	877.2	662.5	702	317.7	6.3
	7490399.8		0	1099.6	7490982.1	7490990.4	692.2	278.7	688.8	174.7	0.9
	7490399.8		0	1099.6	7491149	7491190.6	642.1	138.3	134.8	131.4	10.4
	7490399.8		0	1099.6	7491357.5	7491365.9	127.5	180.1	129.4	182.2	0.1
	7491504.3		0	712.4	7491682.8	7491724.6	212.9	219.8	663.8	261.8	10.6
	7491504.3		0	712.4	7491849.7	7491858.1	683.8	242.1	612.6	213.3	0.7
	7491504.3		0	712.4	7491966.4	7491974.8	580.7	170.9	563	146.7	0.4
	7492222.4		0	1638	7492475.3	7492500.4	532.5	130.3	806.2	224.7	4.1
	7492222.4		0	1638	7492758.4	7492774.5	841	272.3	1013.9	337.6	2.6
	7492222.4		0	1638	7493042.7	7493067.6	1016.4	373	697.3	586	5.8
	7492222.4		0	1638	7493326.3	7493376.4	645.6	626	229.3	246.4	11.9
	7492222.4		0	1638	7493559.9	7493568.3	181.5	212.3	137.3	212.5	0.8
	7492222.4		0	1638	7493760.2	7493768.4	113.3	276.9	113.1	278.8	0
	7493866.2		0	861.7	7494018.8	7494043.8	150.3	296.8	501.4	316.3	5.9
	7493866.2		0	861.7	7494160.5	7494168.9	581.1	329.9	583.2	329	0.1
	7493866.2		0	861.7	7494294	7494335.7	596.2	309.6	1084.1	247.5	8.9
	7493866.2		0	861.7	7494435.9	7494452.5	1122.6	212	1275.9	219.1	1.8
	7493866.2		0	861.7	7494644.4	7494727.9	1311.4	281.2	1301.4	301.5	0.6
	7494728.3		0	900.6	7494953.1	7494994.7	1250.9	301.1	713.2	401.4	12
	7494728.3		0	900.6	7495245.1	7495286.7	659.1	417.8	129.7	426.2	10.9
	7495632.8		0	980.4	7495787.3	7495820.7	102.3	413.8	569.2	420.2	7.7
	7495632.8		0	980.4	7495954.2	7495987.6	591.4	412.6	247.9	621.5	7.3
	7496615.1		0	1049.4	7496771.7	7496805.1	267.6	646	677.6	396.2	8.1
	7496615.1		0	1049.4	7496980.3	7496996.9	712.3	351.6	812.4	386.6	1.5
	7497670.7		0	627.6	7497906.2	7497948	846.8	429.3	354.8	328.5	9.8
	7498303.5		0	737.4	7498473.5	7498506.9	450.1	291.4	742.9	334.3	6.7
	7498303.5		0	737.4	7498648.7	7498673.7	764.3	366.8	849.6	137	3.6
	7499048.7		0	793.1	7499291.1	7499416.2	865.7	92.8	1161.5	549	26.7
	7499048.7		0	793.1	7499641.4	7499649.8	1213.2	591.8	1215.7	591.7	0.1
	7499848.8		0	752	7500016.9	7500058.5	1200.6	591.6	593.8	481	13.7
	7499848.8		0	752	7500175.4	7500242.2	507.4	475.9	250.1	556	5.3
	7500601.3		0	958.9	7500767.7	7500809.4	308.1	569	738	388.2	9.5
	7500601.3		0	958.9	7501009.6	7501068	768.2	332.6	545.9	266.1	6.9
	7500601.3		0	958.9	7501209.9	7501218.2	479.1	296.4	472.9	314.9	0.3
	7500601.3		0	958.9	7501351.6	7501360	432.5	368.5	434.4	369.5	0
	7501566.6		0	844.5	7501727	7501935.6	448.6	386	269	422.5	21.3
	7502411.5		0	658.7	7502419.5	7502502.8	251.5	425.5	585.8	384.3	8.2
	7502411.5		0	658.7	7502711.5	7502753.2	627.2	378.1	999.6	545.6	7.1
	7502411.5		0	658.7	7502878.3	7502911.7	1014.8	594.4	1224.5	790.4	7.1
	7503071.2		0	975.2	7503278.7	7503345.7	1206.2	761.3	610.7	363.1	17.9
	7503071.2		0	975.2	7503470.6	7503478.9	570	381.2	570.7	387.6	0.2
	7503071.2		0	975.2	7503579	7503637.4	621.6	380	1217.4	379.5	15.9
	7503071.2		0	975.2	7503754.3	7503770.9	1233.2	391.1	1382.4	388.4	2.1
	7504048.5		0	907	7504054.5	7504154.7	1376.7	407.3	666.5	415.6	17.7
	7504048.5		0	907	7504396.7	7504505.2	639.4	399.9	1075.2	644.7	29.6
	7504048.5		0	907	7504930.5	7504955.5	1118.1	692.1	1120.3	690	0.1
	7504959.2		0	805.6	7505055.6	7505089	1092.5	685.2	694.5	473.7	7.7
	7504959.2		0	805.6	7505305.9	7505322.6	640.2	457.5	640.9	634.2	2.5
	7504959.2		0	805.6	7505456.1	7505464.5	658.1	715.4	660.7	716.7	0
	7505766.1		0	1241.8	7505948.4	7505981.7	638.9	664.5	623	304.2	6.1
	7505766.1		0	1241.8	7506190.2	7506207	596.8	313.6	645	159.4	2.1
	7505766.1		0	1241.8	7506507.2	7506549	683.1	155.2	969.9	596.3	10.6
	7505766.1		0	1241.8	7506657.4	7506715.9	959.9	602.6	155.7	610.3	18.9
	7507008.5		0	700.1	7507157.9	7507182.9	259.4	611.3	624.9	458	8
	7507008.5		0	700.1	7507366.5	7507383.2	663.3	438.2	677.8	587.9	1.9
	7507008.5		0	700.1	7507650.2	7507708.6	754.8	600.9	739	605.6	0.5
	7507711.4		0	697.8	7507942.1	7507958.8	706.5	582.3	605.6	426.8	2.6
	7507711.4		0	697.8	7508092.3	7508125.6	589.6	414.6	315.9	778.5	8.8
	7507711.4		0	697.8	7508300.9	7508309.1	357.3	832.5	356.6	835.7	0.2
	7508414		0	738.9	7508609.5	7508642.9	376.1	790	427	396.4	8
	7508414		0	738.9	7508768	7508776.4	400.7	420.9	298.6	426.2	1.2
	7508414		0	738.9	7508909.9	7508926.5	242.6	447.5	209.8	481.7	0.7
	7509159.8		0	884.5	7509352	7509393.7	173.6	534	694.8	362.4	11.4
	7509159.8		0	884.5	7509577.2	7509585.7	723	334	661.3	338.1	0.7
	7509159.8		0	884.5	7509760.7	7509769.1	588	364.4	586.9	364.7	0
	7510047.4		0	789.6	7510403.1	7510453.2	583.6	390	1030.5	695.5	10.4
	7510047.4		0	789.6	7510670.1	7510678.5	1066.2	758.2	1067.3	760.5	0.1
	7510841.5		0	904.8	7511220.7	7511237.3	750.4	781.1	990.6	344.1	14.3
	7510841.5		0	904.8	7511354.2	7511362.5	926.8	376.1	923.2	376.6	0.1
	7511750.6		0	830.3	7512021.5	7512038.2	925	408.2	904.7	586.8	2.5
	7511750.6		0	830.3	7512530.4	7512580.9	886.9	657.9	887.8	658.3	0.1
	7512584		0	1039.2	7512772.4	7512797.4	824.9	652.3	601.9	527.8	5.6
	7512584		0	1039.2	7513072.7	7513106.1	557.1	515	254.3	592.9	6.4
	7512584		0	1039.2	7513231.3	7513306.2	219.9	649.5	1062.5	75.3	24.9
	7513630.3		0	843.9	7513815.2	7513856.8	994.8	81.5	710.5	379.1	8.7
	7513630.3		0	843.9	7514007.1	7514023.7	702.8	405.7	853.1	444.1	1.8
	7514479.3		0	954.3	7515049.9	7515083.2	878.7	499	1139.9	802.9	6.5
	7515440.7		0	802.1	7515442	7515558.6	1126.4	862.6	704.5	548.8	13.5
	7515440.7		0	802.1	7515809	7515834	708.9	511.5	967.8	421	4
	7515440.7		0	802.1	7516034.2	7516067.6	1014.3	396.3	1255.1	522.6	5.4
	7516247.5		0	879.7	7516459.6	7516501.4	1276.8	562.4	709.7	518.3	11.2
	7516247.5		0	879.7	7516659.8	7516668.2	688.3	515.5	691.7	605.8	0.7
	7517127.6		0	900.6	7517360.7	7517385.7	679.4	630.5	462.1	541.6	3.6
	7517127.6		0	900.6	7517510.8	7517552.6	432.5	512.1	136.1	498.8	6.1
	7518030.8		0	864.8	7518036.5	7518069.8	241.4	518.5	641.7	456.7	8.9
	7518030.8		0	864.8	7518353.4	7518386.8	700.2	436	1017.4	622.9	7.3
	7518030.8		0	864.8	7518536.9	7518553.7	1034.6	678.4	862.4	726.3	2.2
	7518030.8		0	864.8	7518695.4	7518703.8	838.5	783.3	824.5	806.5	0.4
	7518903.4		0	751.4	7519037.5	7519079.2	788.7	847.5	711.1	386.4	8.9
	7518903.4		0	751.4	7519271	7519287.8	683.4	389.5	536.6	399.4	2
	7519663.2		0	659.1	7519880	7519888.4	522.7	446.9	612.4	447.8	0.9
	7520327		0	1012.9	7520614.2	7520630.9	662.5	461.2	842.2	456.2	2.4
	7520327		0	1012.9	7520722.6	7520789.4	888.4	403.5	793.9	161.3	5.5
	7520327		0	1012.9	7520973	7521089.7	747.8	108.3	761.5	175.6	9.9
	7520327		0	1012.9	7521173.1	7521181.5	789.8	127.3	789.2	110.1	0.3
	7521343		0	822.8	7521565.2	7521581.9	776.1	63.7	910.7	182.4	2.1
	7522166		0	709	7522424.4	7522466.2	932	180.1	1122.1	526	8.3
	7522880.2		0	662.2	7523083.5	7523116.9	1110.8	588.1	711.3	511.9	6.4
	7523550.9		0	1660	7523876	7523909.4	679.2	487.2	347.7	485.1	7.9
	7523550.9		0	1660	7524093	7524126.4	349	413.2	264.3	45.2	8
	7523550.9		0	1660	7524385.1	7524435	268.1	106.1	761.3	580.3	14.5
	7523550.9		0	1660	7524677	7524718.6	819.1	593.9	1191.4	605.2	7
	7523550.9		0	1660	7524835.5	7524885.5	1176.1	610.6	1228	74	12.4
	7525214.5		0	655.5	7525369.3	7525419.4	1220.6	98.1	844.8	379.4	10.3
	7525214.5		0	655.5	7525527.8	7525552.8	918.1	389.1	1235.2	403.5	5.6
	7525877.3		0	735.2	7526128.5	7526153.5	1277.2	402.2	1120.3	245.2	3.5
	7526614.5		0	1157.6	7526962.8	7527004.4	1033.2	195.4	514.6	440.1	13
	7526614.5		0	1157.6	7527112.9	7527137.9	453.2	408.8	317.3	134	4.8
	7526614.5		0	1157.6	7527388.1	7527438.3	297.1	125.7	731.4	709.3	15.4
	7526614.5		0	1157.6	7527605.1	7527630.1	748.5	734.8	959.9	777.7	3.2
	7527779.9		0	826.3	7527963.9	7528005.5	975.6	815.7	723	444.3	9
	7527779.9		0	826.3	7528205.7	7528239.1	692	435.5	345.6	502.5	7.4
	7528614.1		0	818	7528773.1	7528806.5	319.1	530	709	387.8	8.7
	7528614.1		0	818	7528990	7529014.9	751.6	352.7	1000.1	360.1	3.8
	7528614.1		0	818	7529098.3	7529106.7	1069.8	389.3	1071.7	390.7	0
	7529438.4		0	936.5	7529607.3	7529632.3	1046.9	375.5	715.8	380.2	5.3
	7529438.4		0	936.5	7529824.2	7529882.5	678.1	403.8	171.7	244.9	12.9
	7529438.4		0	936.5	7530016.1	7530024.4	147.6	273.4	170	279.7	0.5
	7530376.7		0	882.3	7530383.2	7530499.9	196.5	316.6	770	326.6	14.9
	7530376.7		0	882.3	7530708.5	7530766.9	825	338.3	694.9	152.9	8.3
	7531266.3		0	710.2	7531492.6	7531517.6	771.8	205	986.6	287.7	4.3
	7531984		0	843.4	7532176.7	7532310.3	1026.9	322	1254.9	248.9	24.4
	7531984		0	843.4	7532452.3	7532460.3	1323.3	235	1358.4	234.6	0.5
	7532830.8		0	914.2	7532994.3	7533027.7	1348.1	300.6	898.4	435.6	9.2
	7532830.8		0	914.2	7533219.6	7533261.2	831.7	440.2	799.4	805	6.9
	7532830.8		0	914.2	7533711.6	7533745	768.8	763	647.5	418.4	4.5
	7533750.1		0	962.6	7533978.6	7534112.1	627.5	339.7	937.9	337.9	24.4
	7533750.1		0	962.6	7534220.6	7534228.9	967	320.3	1023.2	322.3	0.5
	7533750.1		0	962.6	7534679.4	7534712.7	1064.7	377.6	1058.5	383.9	0.3
	7534718.9		0	1312	7534904.6	7534929.7	1053.7	391.5	775.8	385	4.3
	7534718.9		0	1312	7535121.6	7535129.9	710.8	361	637.4	322.9	0.8
	7534718.9		0	1312	7535305.1	7535330.1	634.2	280.8	438.3	300.8	3.7
	7534718.9		0	1312	7535505.4	7535547	387.1	328.3	225.9	740.5	8.8
	7534718.9		0	1312	7535755.6	7535764.1	211.8	746.4	294.3	763	0.8
	7534718.9		0	1312	7535905.7	7535914.1	322.5	830.9	323.5	833.2	0
	7536032.1		0	1008.3	7536222.8	7536272.8	369.1	817.9	708.9	511.4	9.2
	7536032.1		0	1008.3	7536423	7536514.7	756.1	467.9	1118	461.7	10.7
	7536032.1		0	1008.3	7536631.6	7536639.9	1205.2	462.4	1238.8	459.7	0.6
	7537046.7		0	953	7537240.6	7537274	1180.4	467.1	759.7	457.9	9.1
	7537046.7		0	953	7537399	7537415.7	722.4	409	687.8	355.9	0.9
	7537046.7		0	953	7537599.3	7537607.7	643.8	304.2	640.3	302.3	0.1
	7538007.2		0	918.6	7538224.9	7538241.6	656.8	315.3	662.3	483.6	2
	7538007.2		0	918.6	7538491.9	7538500.2	716.7	528.4	717.6	529.9	0
	7538926.3		0	842	7539142.6	7539176	755	505.5	1064.1	458.7	6.4
	7538926.3		0	842	7539292.7	7539326.1	1061.2	451.1	998.6	787	5.7
	7539774.2		0	920.1	7539976.8	7540018.6	983.7	785	734.8	323.2	11.2
	7539774.2		0	920.1	7540168.7	7540210.4	733.3	319.2	468.5	734.5	8.4
	7539774.2		0	920.1	7540360.6	7540368.9	439.1	752.5	372.5	769.7	0.6
	7540696.2		0	1024.2	7540844.4	7540877.8	375.5	803.3	677.5	383.6	8.7
	7540696.2		0	1024.2	7541111.4	7541228.3	711.9	377	216.8	222	22.4
	7541724.7		0	696.4	7541870.6	7541920.7	207.8	224.3	735.7	360	11.5
	7541724.7		0	696.4	7542004	7542054.2	728.2	363.1	304.4	117.1	11.1
	7541724.7		0	696.4	7542179.2	7542187.5	311.2	106.9	270.5	48.4	0.7
	7541724.7		0	696.4	7542296	7542304.4	230	91.9	230.5	93.7	0.1
	7542423.2		0	765.4	7542596.4	7542696.5	256.2	144.4	537.3	412.8	17.6
	7542423.2		0	765.4	7542804.8	7542813.2	475.5	434.8	472.1	435.9	0.1
	7542423.2		0	765.4	7542913.3	7542921.7	466.4	518.1	449.8	524.3	0.7
	7543190.1		0	2768.2	7543422.2	7543455.6	445.6	531.3	850.3	387	7.3
	7543190.1		0	2768.2	7543680.8	7543714.2	894.3	368.1	1176.1	296.4	4.6
	7543190.1		0	2768.2	7543997.8	7544031.2	1174.2	286.3	818.4	717.5	10.5
	7543190.1		0	2768.2	7544239.8	7544289.8	774.8	685.7	462.1	51.3	15.4
	7543190.1		0	2768.2	7544506.7	7544531.8	448.8	79.9	209.8	81.3	3.2
	7543190.1		0	2768.2	7544790.4	7544865.4	235.2	119.9	1142.4	101.2	24.6
	7543190.1		0	2768.2	7545165.8	7545207.5	1150.8	106	1206.6	718	12.9
	7543190.1		0	2768.2	7545466.1	7545507.8	1182.1	770.9	525.4	771.8	15.6
	7543190.1		0	2768.2	7545699.6	7545733	479.9	770	194.5	808.2	5.3
	7543190.1		0	2768.2	7545933.3	7545958.3	172.7	875.3	166.8	880.9	0.2
	7545965.4		0	918.9	7546133.5	7546175.2	168.3	865.8	644.6	578.7	11.2
	7545965.4		0	918.9	7546333.7	7546350.4	656.8	565	535.3	787.3	3.1
	7546889.4		0	996.1	7547226.4	7547259.7	774.1	383	630.5	400.3	14.8
	7546889.4		0	996.1	7547368.2	7547376.4	607.2	456.4	602	519.9	0.7
	7547886.9		0	816.1	7548110.7	7548135.7	594.2	559.9	285.8	560.3	4.6
	7547886.9		0	816.1	7548310.8	7548319.2	266.2	591.2	268.8	596.6	0.1
	7548705.1		0	815.4	7548711.3	7548778	248.1	607.5	703	413	12.3
	7548705.1		0	815.4	7549195.1	7549203.5	690.8	444.8	689.2	445.2	0.1
	7549525.2		0	662.8	7549737.6	7549770.9	694	441.9	511.7	163.9	5.6
	7550189.2		0	791.3	7550346.3	7550371.5	471.5	171.3	710.8	336.8	4.5
	7550189.2		0	791.3	7550580	7550621.7	718.6	387.2	1173.4	703.7	11.5
	7550189.2		0	791.3	7550746.8	7550755.2	1208.2	738.4	1219.4	760.7	0.2
	7550982.6		0	840.4	7551147.3	7551180.6	1231.5	780.9	791.1	460	10.4
	7550982.6		0	840.4	7551355.8	7551380.8	752.2	434.3	908.1	179.6	4.4
	7551830		0	727.2	7552056.5	7552089.9	896.1	721.6	896.7	121.1	22.3
	7551830		0	727.2	7552173.4	7552190	936	123.1	980.1	99	0.9
	7552559.2		0	757.1	7552774.1	7552882.5	974.8	85.2	363.8	181.4	71.2
	7552559.2		0	757.1	7553032.7	7553041	363.9	216.8	338.8	233.5	0.4
	7553320.1		0	763.7	7553516.5	7553549.9	327.5	249.8	604.1	443.5	5.8
	7553320.1		0	763.7	7553675	7553700	646.8	476.6	743.6	657	3.4
	7554085.1		0	791.2	7554342.3	7554375.7	707.7	667.6	380.7	373.1	10.9
	7554085.1		0	791.2	7554475.8	7554484.3	327.4	339.1	283.1	321.5	0.7
	7554882.7		0	977.9	7555059.8	7555084.8	332.5	330.4	682.4	362.3	6.8
	7554882.7		0	977.9	7555485.3	7555527.1	713.5	419.4	1042	52.1	8.5
	7555866.2		0	853.8	7556027.5	7556069.3	1087	64.6	681.5	347.8	11.7
	7555866.2		0	853.8	7556211	7556236.2	647.4	408.2	416.5	228.3	4.5
	7555866.2		0	853.8	7556377.9	7556394.6	387	178	369.8	127.6	0.8
	7556724.5		0	687.9	7556828.4	7556861.7	348.3	116.5	648	421.2	8.2
	7556724.5		0	687.9	7557012	7557037	667.2	456.3	871.5	631.5	4.6
