													
	9197908.1		0	6548.8	1	9198174.3	9198191	16.7	722.9	376.1	717.2	268.2	2.5
	9197908.1		0	6548.8	2	9198424.6	9198449.6	25	652.8	267.1	457.5	264.2	4.3
	9197908.1		0	6548.8	3	9198674.8	9198683.2	8.4	437.9	254.9	376.5	249.4	0.8
	9197908.1		0	6548.8	4	9198866.8	9198883.4	16.7	346.6	250.5	232.7	224.2	1.6
	9197908.1		0	6548.8	5	9199116.9	9199200.4	83.5	197.1	160	205.3	712.8	13.2
	9197908.1		0	6548.8	6	9199358.9	9199450.6	91.7	226.5	780	365	737.7	4.2
	9197908.1		0	6548.8	7	9199625.9	9199700.9	75	415	693.7	959.5	843.7	12.7
	9197908.1		0	6548.8	8	9199901.1	9199934.5	33.4	964.9	832.2	1300.6	793	6.3
	9197908.1		0	6548.8	9	9200201.5	9200226.5	25	1289.1	793.1	1160.7	572.2	4
	9197908.1		0	6548.8	10	9200326.6	9200335.8	9.2	1133.7	499.4	1133.2	500.8	0
	9197908.1		0	6548.8	11	9201060.7	9201102.5	41.8	1124.5	491.2	1065.5	188	5.3
	9197908.1		0	6548.8	12	9201344.4	9201361.1	16.7	1035.1	177.5	1239.5	178.8	2.8
	9197908.1		0	6548.8	13	9201619.7	9201678.1	58.4	1280	219.7	777.5	533.4	12.6
	9197908.1		0	6548.8	14	9202011.8	9202028.5	16.6	769.5	500.9	633.2	499.2	1.7
	9197908.1		0	6548.8	15	9202145.3	9202178.7	33.4	597	456.5	511.8	185.7	5.4
	9197908.1		0	6548.8	16	9202362.2	9202387.2	25	478.2	151.3	225.9	139.3	3.7
	9197908.1		0	6548.8	17	9202745.9	9202779.3	33.4	219.1	164.2	199.1	474.5	4.9
	9197908.1		0	6548.8	18	9203079.7	9203087.9	8.2	138.5	495.2	112.2	591.5	0.7
	9197908.1		0	6548.8	19	9203229.8	9203254.8	25	95.5	586.5	371	448.2	4.5
	9197908.1		0	6548.8	20	9203346.5	9203354.9	8.3	429.1	418.3	434.9	413.2	0.2
	9197908.1		0	6548.8	21	9203671.9	9203713.7	41.8	454.5	393	1078.8	430.5	12.3
	9197908.1		0	6548.8	22	9203897.2	9203905.5	8.3	1089.6	435.3	1129.1	499.4	0.5
	9204462.1		0	23970	1	9204631.2	9204656.4	25.1	1127.8	495	940	334.2	3.8
	9204462.1		0	23970	2	9204881.6	9204906.6	25	907.9	288.9	818.3	164.3	2.7
	9204462.1		0	23970	3	9205223.6	9205232	8.4	771.6	125.4	731.1	145.8	0.4
	9204462.1		0	23970	4	9205357.1	9205365.5	8.3	677.7	173.2	681.1	176.2	0.1
	9204462.1		0	23970	5	9205507.2	9205540.6	33.4	670.3	197	1068.4	140.3	7.4
	9204462.1		0	23970	6	9205807.6	9205815.9	8.4	1078.1	151.5	1236.6	154.6	1.4
	9204462.1		0	23970	7	9206132.9	9206149.5	16.6	1289.6	181.7	1289.7	325	1.9
	9204462.1		0	23970	8	9206383.2	9206408.2	25	1304.2	369.7	1297.6	604	3.9
	9204462.1		0	23970	9	9206533.3	9206541.7	8.4	1287.8	690.5	1288.4	692.9	0.1
	9204462.1		0	23970	10	9206633.4	9206641.8	8.4	1283.5	710.3	1247	817.5	0.9
	9204462.1		0	23970	11	9206942.1	9206967.2	25	1242.1	782.1	1035.1	809.5	3.3
	9204462.1		0	23970	12	9207184	9207200.8	16.7	981.5	785.6	732	795.7	3.7
	9204462.1		0	23970	13	9207359.3	9207384.3	25	675.4	803.5	680.5	500.6	4.8
	9204462.1		0	23970	14	9207768	9207801.4	33.4	692.8	438.9	513.1	743.9	6.2
	9204462.1		0	23970	15	9208076.8	9208085	8.3	471.1	736.4	408.4	716.9	0.7
	9204462.1		0	23970	16	9208302	9208335.4	33.4	407.6	660.8	316.9	469.8	4
	9204462.1		0	23970	17	9208585.6	9208602.2	16.6	293.5	455.2	229	286.6	2.5
	9204462.1		0	23970	18	9208977.7	9209019.3	41.6	203.3	214.1	124.7	427	4.2
	9204462.1		0	23970	19	9209177.8	9209186.2	8.4	106.3	486.6	102.9	487.8	0.1
	9204462.1		0	23970	20	9209294.7	9209321.1	26.4	87	488.1	94	856	5.4
	9204462.1		0	23970	21	9209636.7	9209661.7	25	142.7	882.5	526.3	869	5.5
	9204462.1		0	23970	22	9209870.3	9209878.7	8.3	563.9	872.4	737.8	847.1	1.5
	9204462.1		0	23970	23	9210237.4	9210295.8	58.4	774.6	843.3	661.1	381.6	10.6
	9204462.1		0	23970	24	9210621.2	9210637.8	16.6	635.2	356.7	642.3	210.9	1.7
	9204462.1		0	23970	25	9210896.4	9210921.4	25	671.2	207.2	428.8	173.1	3.6
	9204462.1		0	23970	26	9211163.4	9211180	16.7	393.1	119.9	221.8	122.3	2.2
	9204462.1		0	23970	27	9211597.1	9211630.5	33.4	209.6	145.9	682.2	137	9.7
	9204462.1		0	23970	28	9211822.4	9211830.8	8.4	738.5	94.8	741.3	95.6	0
	9204462.1		0	23970	29	9211914.2	9211930.9	16.6	746.7	105.5	559.8	127.8	2.4
	9204462.1		0	23970	30	9212189.5	9212206.1	16.6	507.1	157.7	708.1	156.1	2.5
	9204462.1		0	23970	31	9212464.7	9212481.5	16.8	767.6	140.2	973.1	172.6	2.3
	9204462.1		0	23970	32	9212690	9212715.1	25.1	974.1	199.2	1232.2	106.5	4.4
	9204462.1		0	23970	33	9212990.3	9213090.5	100.1	1256.3	143	1342.3	238.3	4.2
	9204462.1		0	23970	34	9213349.1	9213390.8	41.8	1344.6	259	1263.4	688.4	8.5
	9204462.1		0	23970	35	9213657.7	9213666	8.4	1290.2	722.3	1288.2	809.6	1.1
	9204462.1		0	23970	36	9213949.7	9213991.4	41.8	1280.3	848.3	1094.7	455.4	9.1
	9204462.1		0	23970	37	9214233.4	9214250	16.6	1065.4	398.5	880.4	395	2
	9204462.1		0	23970	38	9214466.9	9214483.7	16.8	858.4	361.2	811.9	276.1	1.5
	9204462.1		0	23970	39	9214692.1	9214733.9	41.7	755.3	242.2	297.3	231.3	8.7
	9204462.1		0	23970	40	9215075.9	9215084.3	8.4	314.6	295.6	292.8	353.3	1.1
	9204462.1		0	23970	41	9215367.9	9215393	25.1	268.2	394.8	94.8	515.9	3.2
	9204462.1		0	23970	42	9215710	9215735	25	109.5	548.6	185.8	831	4.2
	9204462.1		0	23970	43	9216035.4	9216060.4	25	179.3	820.7	322.5	642.8	3.8
	9204462.1		0	23970	44	9216277.2	9216302.2	25	338.7	632.9	512.7	365.7	4.9
	9204462.1		0	23970	45	9216602.6	9216619.3	16.8	556.9	323.8	713.6	328.2	1.9
	9204462.1		0	23970	46	9216911.3	9216928	16.6	726.6	308.3	581.1	153.4	2.6
	9204462.1		0	23970	47	9217245	9217286.7	41.7	542.5	130.4	167.2	121.4	7.6
	9204462.1		0	23970	48	9217528.5	9217536.9	8.4	140.8	146.3	138.1	153.5	0.3
	9204462.1		0	23970	49	9217720.5	9217737.2	16.7	189.7	188.2	310.3	201.1	1.5
	9204462.1		0	23970	50	9218062.5	9218070.9	8.4	292.1	159.3	287.3	158.3	0.1
	9204462.1		0	23970	51	9218187.7	9218204.3	16.6	291.2	159.1	379	76.8	1.6
	9204462.1		0	23970	52	9218304.4	9218329.5	25.1	450.9	61.4	722.6	63.1	4.6
	9204462.1		0	23970	53	9218554.8	9218579.8	25	738	69.8	1108.3	69.4	8.9
	9204462.1		0	23970	54	9218729.9	9218738.3	8.4	1141.9	95.8	1137.9	96.8	0.1
	9204462.1		0	23970	55	9218938.5	9218955.1	16.6	1136.7	97.6	1070.4	175.7	1.2
	9204462.1		0	23970	56	9219222.1	9219272.1	50	1089.3	195.9	1280	632.2	11.6
	9204462.1		0	23970	57	9219555.8	9219564.2	8.4	1316.3	656	1329.9	785.9	1.1
	9204462.1		0	23970	58	9219764.4	9219772.7	8.4	1365.6	757.4	1362.9	745.9	0.4
	9204462.1		0	23970	59	9219964.6	9219973	8.4	1352.8	752.4	1344.6	875.9	0.9
	9204462.1		0	23970	60	9220339.9	9220365	25	1307.9	857	1070.5	680.7	4.7
	9204462.1		0	23970	61	9220481.8	9220491.5	9.7	1031.3	623.9	1031.7	622.3	0.1
	9204462.1		0	23970	62	9220748.7	9220757.1	8.4	1042	552.1	1040.7	550.2	0
	9204462.1		0	23970	63	9221115.8	9221132.5	16.7	1013	539.1	1006.2	723.9	2.1
	9204462.1		0	23970	64	9221349.4	9221366	16.6	993.8	752.1	876.9	737.9	1.3
	9204462.1		0	23970	65	9221616.4	9221633	16.6	870.2	705.6	676.5	852.8	2.7
	9204462.1		0	23970	66	9221900	9221916.7	16.6	625.1	864.8	401.3	868.2	4.1
	9204462.1		0	23970	67	9222183.7	9222208.6	25	326.6	847.7	200	848.2	2.3
	9204462.1		0	23970	68	9222492.2	9222525.6	33.4	145.4	825.4	131.8	600.2	3.9
	9204462.1		0	23970	69	9222767.6	9222784.2	16.6	94.4	552.1	202.8	538.1	1.2
	9204462.1		0	23970	70	9223009.5	9223034.6	25.1	206.8	473.3	437.5	658.7	4.7
	9204462.1		0	23970	71	9223334.9	9223343.3	8.4	444.6	669	599	666.7	1.4
	9204462.1		0	23970	72	9223535.1	9223543.5	8.4	603.6	657.4	607.8	537	1.2
	9204462.1		0	23970	73	9223818.7	9223835.5	16.8	617.6	456.3	803.5	439.6	2.2
	9204462.1		0	23970	74	9224069.1	9224077.3	8.2	776.8	396.7	683.5	368.5	0.9
	9204462.1		0	23970	75	9224311	9224336	25	699.9	310.7	751.6	194.1	2.2
	9204462.1		0	23970	76	9224586.2	9224602.9	16.8	808	193.4	1085.2	189.2	3.4
	9204462.1		0	23970	77	9224853.2	9224869.9	16.7	1114.7	173.1	1334.3	157.9	2.6
	9204462.1		0	23970	78	9225028.4	9225036.7	8.2	1303.9	193.3	1304.4	195.6	0.1
	9204462.1		0	23970	79	9225371.7	9225395.4	23.7	1294.1	206.9	1162.5	471.3	4.3
	9204462.1		0	23970	80	9225695.8	9225704.1	8.4	1207.7	437.9	1320.8	444.1	0.9
	9204462.1		0	23970	81	9226087.9	9226104.5	16.6	1307.5	457.3	1294.5	318.5	2.1
	9204462.1		0	23970	82	9226388.3	9226396.5	8.2	1314.3	350.8	1312.2	354.8	0.1
	9204462.1		0	23970	83	9226646.9	9226663.5	16.6	1321.1	385.8	1187.7	281.7	2.1
	9204462.1		0	23970	84	9226930.5	9226947.1	16.6	1138.9	239.4	1054.6	96.6	2.5
	9204462.1		0	23970	85	9227356	9227414.3	58.3	1005.4	107.7	736.2	609.2	13.3
	9204462.1		0	23970	86	9227731.3	9227748	16.6	724.1	572.4	738	379.7	2.5
	9204462.1		0	23970	87	9227939.8	9227956.6	16.8	765.6	321.7	905.9	429.5	1.9
	9204462.1		0	23970	88	9228106.7	9228115.1	8.4	873.2	476	872.5	507.4	0.2
	9204462.1		0	23970	89	9228315.3	9228332	16.7	859.4	506.1	762.6	347.6	2.5
	9228439		0	2162.1	1	9228840.8	9228865.9	25.2	735.1	301	648.7	197.7	2.5
	9228439		0	2162.1	2	9229216.3	9229258	41.8	628.8	188.6	344.1	595.7	9.7
	9228439		0	2162.1	3	9229524.9	9229541.7	16.8	320.9	589.8	207.3	807.5	2.7
	9228439		0	2162.1	4	9229766.9	9229783.5	16.6	228	812.6	232.8	608.4	2.6
	9228439		0	2162.1	5	9229900.4	9229975.4	75	258.1	536	252.1	445.6	2.5
	9228439		0	2162.1	6	9230259.1	9230267.4	8.2	244.4	364.2	243.1	362.6	0
	9230604.2		0	8406	1	9230818	9230834.8	16.8	243.7	350.3	394.7	348.9	2
	9230604.2		0	8406	2	9231043.2	9231068.2	25	387.7	361.1	241.8	230	3.1
	9230604.2		0	8406	3	9231485.3	9231493.7	8.4	229.8	226.2	170	224.8	0.6
	9230604.2		0	8406	4	9231727.3	9231769.1	41.7	155.3	217.3	664	199.7	10.4
	9230604.2		0	8406	5	9231894.2	9231902.6	8.4	708.4	148.2	709.1	146.2	0.1
	9230604.2		0	8406	6	9232069.3	9232094.4	25.1	733.7	134.9	1041.3	133.9	5
	9230604.2		0	8406	7	9232461.4	9232486.4	25	1106.5	133.8	1350.1	265.1	4.6
	9230604.2		0	8406	8	9232811.8	9232828.5	16.8	1334.6	326.6	1309.6	520	2.9
	9230604.2		0	8406	9	9233112.1	9233153.9	41.8	1279.5	587.8	1232.4	812.1	4.1
	9230604.2		0	8406	10	9233329	9233337.4	8.4	1219.9	827.6	1101.3	828.3	0.8
	9230604.2		0	8406	11	9233554.3	9233579.4	25.1	1127.1	808.2	1110.2	485.2	5.4
	9230604.2		0	8406	12	9233929.7	9233963.1	33.4	1084.1	474.4	711.4	804.7	8.2
	9230604.2		0	8406	13	9234104.9	9234205.1	100.2	654.7	836.9	436.9	835.9	6.7
	9230604.2		0	8406	14	9234488.6	9234505.3	16.8	393.6	808.3	331.8	733.2	1.6
	9230604.2		0	8406	15	9234705.6	9234713.8	8.3	341.3	651.6	342.2	645.3	0.1
	9230604.2		0	8406	16	9234973.2	9234989.2	16	347	643.5	282.4	517.3	2.3
	9230604.2		0	8406	17	9235080.9	9235089.3	8.4	231.8	469.9	238.5	467.8	0.1
	9230604.2		0	8406	18	9235397.9	9235406.3	8.4	234.7	431.9	237.1	396	0.5
	9230604.2		0	8406	19	9235523.1	9235531.4	8.4	214.8	363.2	215.3	304.1	0.8
	9230604.2		0	8406	20	9235798.4	9235806.7	8.3	248.4	241.9	377.9	214.1	1.2
	9230604.2		0	8406	21	9236031.9	9236048.7	16.7	405.8	181.2	576.8	341.5	3.2
	9230604.2		0	8406	22	9236474.2	9236490.8	16.6	564.7	368.7	447.5	230.9	2.2
	9230604.2		0	8406	23	9236857.9	9236891.3	33.3	423.3	183.7	760.9	144.5	5.5
	9230604.2		0	8406	24	9237250	9237283.4	33.4	781.2	122.9	423.9	180.8	5.5
	9230604.2		0	8406	25	9237542	9237575.4	33.4	380.9	209.6	112.5	123.4	5.5
	9230604.2		0	8406	26	9237750.5	9237758.9	8.4	41	98	38.3	97	0.1
	9230604.2		0	8406	27	9237900.6	9237950.7	50.1	90.1	108.8	96	839.3	15.8
	9230604.2		0	8406	28	9238267.7	9238284.5	16.8	95.7	846.4	101.4	620.5	3
	9230604.2		0	8406	29	9238559.7	9238568.1	8.4	111.9	623.4	110.7	664.8	0.6
	9239013.8		0	3333.4	1	9239202	9239210.4	8.4	111.7	651.5	212.9	639.1	0.9
	9239013.8		0	3333.4	2	9239402.3	9239418.9	16.6	232.8	582	366.6	709.4	2.1
	9239013.8		0	3333.4	3	9239711	9239727.7	16.6	349.3	710.9	346.3	884.5	2.1
	9239013.8		0	3333.4	4	9239986.3	9240011.3	25	332	860.1	656.5	873.5	4.5
	9239013.8		0	3333.4	5	9240203.2	9240228.2	25	679.6	898.5	1010.5	836.4	5.6
	9239013.8		0	3333.4	6	9240603.6	9240628.7	25	1036	816.6	1276.3	806.9	4.3
	9239013.8		0	3333.4	7	9240954	9240979	25	1244.1	804.1	1243.8	546.3	4
	9239013.8		0	3333.4	8	9241371.1	9241421.1	50	1265.4	470.2	1268	421.7	1.7
	9239013.8		0	3333.4	9	9241512.9	9241522.1	9.2	1281.9	338.4	1284.4	336.9	0.1
	9239013.8		0	3333.4	10	9241621.3	9241638.1	16.8	1299.2	329.6	1241.9	202.7	1.9
	9239013.8		0	3333.4	11	9241813.2	9241821.6	8.4	1218.1	166.2	1211.6	165.4	0
	9239013.8		0	3333.4	12	9241905	9241921.7	16.7	1217.5	162.8	1040.6	162.4	2.2
	9242348.5		0	799.6	1	9242714.2	9242730.9	16.8	967.2	166.9	756.7	166.2	2.6
	9243155.6		0	1393.9	1	9243490	9243523.4	33.4	638.5	149.2	347	143.6	6.2
	9243155.6		0	1393.9	2	9243865.4	9243882.2	16.8	342.4	179	331.8	358.5	2.9
	9243155.6		0	1393.9	3	9243973.9	9243982.3	8.4	308.8	432.8	307.6	435.8	0.1
	9244556.2		0	2162.4	1	9244874.9	9244883.2	8.4	284.7	455.2	286.6	379.2	0.8
	9244556.2		0	2162.4	2	9245076.2	9245116.9	40.7	275.9	302.6	819.5	254	10.5
	9244556.2		0	2162.4	3	9245333.7	9245342.1	8.4	839	221.4	963.9	227.9	1
	9244556.2		0	2162.4	4	9245617.3	9245642.4	25	978.3	263.9	1209.3	225.5	3.7
	9244556.2		0	2162.4	5	9246059.5	9246076.2	16.7	1212.9	236.3	1264	440.3	3
	9244556.2		0	2162.4	6	9246276.5	9246301.4	25	1294	485.9	1222.9	518.7	1
	9246723.7		0	3857.4	1	9246952.2	9246993.8	41.6	1202	559.5	1169.7	225.6	6.7
	9246723.7		0	3857.4	2	9247277.5	9247294.1	16.6	1156.5	239.7	1286.9	178.1	1.9
	9246723.7		0	3857.4	3	9247669.5	9247702.9	33.4	1288.9	171.3	1143.9	531.3	6.7
	9246723.7		0	3857.4	4	9248103.4	9248120	16.6	1163.7	594.6	1299.9	788.3	2.9
	9246723.7		0	3857.4	5	9248445.4	9248462.1	16.7	1273.4	846.3	1112	857.1	2.2
	9246723.7		0	3857.4	6	9248612.2	9248645.6	33.4	1058.7	872.3	697.4	870	6.9
	9246723.7		0	3857.4	7	9248929.3	9249029.4	100.1	653.4	891.3	686.7	565.7	8
	9246723.7		0	3857.4	8	9249313.1	9249321.3	8.3	698	495.5	699.7	373	1.2
	9246723.7		0	3857.4	9	9249563.3	9249588.3	25	692.3	323.6	635.6	196.1	2.6
	9246723.7		0	3857.4	10	9249880.3	9249913.7	33.4	616.2	179.3	373.5	153.1	4.4
	9246723.7		0	3857.4	11	9250132.3	9250138.9	6.6	346.4	130.2	235.6	155.1	0.9
	9246723.7		0	3857.4	12	9250347.4	9250355.8	8.4	167.3	180.3	164	181	0.1
	9250583.6		0	806.7	1	9250956.4	9250973.2	16.8	226.3	247.6	297.6	309.7	1.6
	9251397.1		0	1795.1	1	9251665.5	9251682.3	16.8	328.8	264.6	449.8	408.8	2.7
	9251397.1		0	1795.1	2	9251832.4	9251874.1	41.7	486.7	439.4	307.4	781.1	7.5
	9251397.1		0	1795.1	3	9252349.6	9252383	33.4	271.4	794.1	614	824.7	5.6
	9251397.1		0	1795.1	4	9252616.6	9252641.6	25	656.8	840.1	1028.3	847	5.5
	9251397.1		0	1795.1	5	9252833.5	9252841.9	8.4	1083.5	841.7	1079.1	802.5	0.4
	9253195.7		0	2365.8	1	9253367.4	9253384.1	16.6	1073.1	775.4	964.3	560.2	3
	9253195.7		0	2365.8	2	9253584.3	9253600.9	16.6	944.9	504	764.6	506.6	2.1
	9253195.7		0	2365.8	3	9253776.2	9253792.8	16.6	718.5	475.5	719.3	286.9	2.4
	9253195.7		0	2365.8	4	9254076.6	9254109.9	33.4	727	204.5	1123.1	184.5	7.3
	9253195.7		0	2365.8	5	9254518.7	9254543.7	25	1148.9	189	1300.5	393.7	4.7
	9253195.7		0	2365.8	6	9254627.5	9254635.4	7.9	1322.2	457.7	1326.3	458.5	0.1
	9253195.7		0	2365.8	7	9254910.8	9254935.8	25	1315.9	448.1	1287.4	709.2	4.2
	9253195.7		0	2365.8	8	9255119.3	9255127.7	8.4	1270.8	788.3	1273.2	789.5	0
	9253195.7		0	2365.8	9	9255469.7	9255478	8.4	1249.9	716.7	1249	717.1	0
	9255565.4		0	1414.3	1	9255753.4	9255778.4	25	1237.7	687	1135.7	478.6	4.1
	9255565.4		0	1414.3	2	9256053.6	9256087	33.4	1140.5	449.4	1046.1	210.2	4.5
	9255565.4		0	1414.3	3	9256404.1	9256437.4	33.2	985.1	200.4	1216.4	470.8	7
	9255565.4		0	1414.3	4	9256646	9256654.3	8.4	1229.5	514	1334.5	518.5	0.7
	9256980.4		0	1225.6	1	9257154.8	9257179.8	25	1248.3	534.6	1122.9	354.1	4.2
	9256980.4		0	1225.6	2	9257263.3	9257271.7	8.4	1086.5	305.6	1086.6	302.4	0
	9256980.4		0	1225.6	3	9257388.4	9257413.4	25	1080.8	287.6	744.4	333.5	6
	9256980.4		0	1225.6	4	9257697.1	9257730.4	33.4	702.9	367.1	382.1	345.6	6.5
	9256980.4		0	1225.6	5	9257872.3	9257880.7	8.4	329.3	311.6	316.9	312.1	0.1
	9258210.7		0	4383.3	1	9258422.9	9258439.5	16.6	318.8	311.6	516.3	326.5	2.7
	9258210.7		0	4383.3	2	9258689.9	9258723.3	33.4	573.7	323.4	273.5	626.2	7.4
	9258210.7		0	4383.3	3	9258981.9	9258998.5	16.6	280.8	607.1	147	796.5	2.4
	9258210.7		0	4383.3	4	9259307.1	9259348.9	41.8	165.8	823	829.1	834.1	13.3
	9258210.7		0	4383.3	5	9259540.7	9259565.7	25	823.5	867.2	1192.3	869.7	6.2
	9258210.7		0	4383.3	6	9259824.4	9259849.5	25.1	1196.7	820.2	1223.3	533.1	5.1
	9258210.7		0	4383.3	7	9260058	9260083	25	1243.2	482	1245.3	236.5	4.8
	9258210.7		0	4383.3	8	9260316.6	9260325	8.4	1249.5	173.3	1279.7	181.3	0.4
	9258210.7		0	4383.3	9	9260475.1	9260483.5	8.4	1280.3	254.5	1280.6	256.2	0
	9258210.7		0	4383.3	10	9260566.8	9260608.6	41.7	1277.8	263.6	803.6	213.1	9.3
	9258210.7		0	4383.3	11	9260892.2	9260925.6	33.4	815.1	146.9	487.4	149.5	5.5
	9258210.7		0	4383.3	12	9261134.2	9261159.2	25	434	139.6	202	176.4	3.6
	9258210.7		0	4383.3	13	9261459.5	9261484.6	25	184.5	231.3	193.9	469.7	3.6
	9258210.7		0	4383.3	14	9261651.4	9261818.3	166.9	204.7	552.2	718.7	369.5	13.4
	9258210.7		0	4383.3	15	9261968.4	9261976.8	8.4	680.8	341	679.8	339.9	0
	9258210.7		0	4383.3	16	9262160.3	9262168.6	8.4	735.4	334.6	762.7	278.8	1
	9258210.7		0	4383.3	17	9262418.9	9262427.4	8.5	799.5	220.4	800.3	219.9	0
	9262596.2		0	2792.6	1	9262977.9	9263011.3	33.4	794.9	202.8	417.2	197.2	6.5
	9262596.2		0	2792.6	2	9263103	9263111.3	8.2	342.4	172.3	342	173	0
	9262596.2		0	2792.6	3	9263311.5	9263328.2	16.8	339.4	196.9	260.7	392.5	2.6
	9262596.2		0	2792.6	4	9263536.8	9263561.7	25	242.8	404.2	243.4	663.8	4.3
	9262596.2		0	2792.6	5	9263895.5	9263928.9	33.4	263.9	705.7	727.9	649.2	7.5
	9262596.2		0	2792.6	6	9264137.5	9264145.8	8.3	754.9	644.3	906.8	645.6	1.2
	9262596.2		0	2792.6	7	9264321	9264329.3	8.3	942.9	608.1	943.1	606.9	0
	9262596.2		0	2792.6	8	9264412.7	9264446.1	33.4	956.5	602.4	1099.4	346.6	6.5
	9262596.2		0	2792.6	9	9264671.3	9264688.1	16.7	1107	303.3	1111.1	154.7	1.8
	9262596.2		0	2792.6	10	9264921.6	9264938.3	16.7	1140.8	155.4	1279.7	311.2	2.8
	9262596.2		0	2792.6	11	9265113.4	9265121.8	8.3	1294.7	381.6	1292.5	386.7	0.2
	9265395		0	1387	1	9265714.1	9265739.2	25	1253.1	433.4	825	443.2	7.5
	9265395		0	1387	2	9265956	9265972.8	16.8	788	451.3	543.6	621.5	3.5
	9265395		0	1387	3	9266264.8	9266289.8	25	524.5	659.4	205.6	702.8	5.4
	9266786.6		0	3832.8	1	9266957.1	9266982.2	25.1	207.1	654.1	375.9	381.4	6.4
	9266786.6		0	3832.8	2	9267182.4	9267199.1	16.7	422.6	383.5	225.4	405.3	2.2
	9266786.6		0	3832.8	3	9267466	9267491.1	25.1	236.9	390.1	278.4	271.5	2.7
	9266786.6		0	3832.8	4	9267674.6	9267683	8.4	327.1	245.8	358.2	249.6	0.2
	9266786.6		0	3832.8	5	9267774.7	9267791.4	16.7	335	292.6	126.4	461.2	4.3
	9266786.6		0	3832.8	6	9268058.3	9268075	16.6	128.4	488	152.6	682.8	2.7
	9266786.6		0	3832.8	7	9268158.4	9268166.9	8.4	161.5	754	163.8	754.1	0
	9266786.6		0	3832.8	8	9268275.2	9268308.6	33.4	156.5	766.5	687.1	644.3	10.3
	9266786.6		0	3832.8	9	9268583.9	9268609	25	724	618.6	725.4	331.8	4.3
	9266786.6		0	3832.8	10	9268809.2	9268817.4	8.2	735.3	248.3	735.7	163.1	1
	9266786.6		0	3832.8	11	9269051.1	9269092.8	41.8	733.6	129.1	1226.3	134.2	9.6
	9266786.6		0	3832.8	12	9269443.2	9269484.9	41.8	1201.8	148.6	1212.5	542.5	7.5
	9266786.6		0	3832.8	13	9269810.3	9269818.5	8.2	1202	599.9	1123.2	719	1.2
	9266786.6		0	3832.8	14	9270077.2	9270085.5	8.4	1148.2	743.6	1151.5	874.8	1
	9266786.6		0	3832.8	15	9270219	9270235.6	16.6	1168.5	867.8	1295.5	833.3	1.9
	9270627.6		0	3295.4	1	9270778	9270836.4	58.3	1288.9	790.9	909.7	282.5	15.8
	9270627.6		0	3295.4	2	9271220.1	9271245.1	25	945.6	272.7	1249.6	270.6	5.1
	9270627.6		0	3295.4	3	9271612.2	9271628.9	16.6	1239	279.5	1237.2	523.7	3.2
	9270627.6		0	3295.4	4	9271904.2	9271920.8	16.6	1211.3	586.7	1155.4	791.3	2.7
	9270627.6		0	3295.4	5	9272254.6	9272296.3	41.7	1145.7	833.8	860.5	653	6.8
	9270627.6		0	3295.4	6	9272513.2	9272546.6	33.4	842.2	633.6	572.6	403.9	5.9
	9270627.6		0	3295.4	7	9272997	9273022	25	561.2	407.4	291.7	418.7	3.9
	9270627.6		0	3295.4	8	9273289	9273330.6	41.6	263.3	436	193.2	806.5	7.4
	9273931		0	801.3	1	9274089.9	9274139.9	50	146.7	729.3	293.1	252.3	11.8
	9274738.2		0	5483.3	1	9275107.6	9275132.7	25.1	406.5	265.8	716.3	244.1	6
	9274738.2		0	5483.3	2	9275408	9275467.1	59.1	750.8	179.9	1192.3	160	10.2
	9274738.2		0	5483.3	3	9275842.2	9275858.5	16.3	1204.5	178.3	1315.8	303.1	1.9
	9274738.2		0	5483.3	4	9276083.7	9276092.1	8.4	1322.1	294.6	1324.9	193.3	1
	9274738.2		0	5483.3	5	9276450.8	9276492.4	41.6	1302	186	1292.2	651.2	9.5
	9274738.2		0	5483.3	6	9276817.8	9276834.5	16.8	1288.4	699.6	1188.3	834.2	1.7
	9274738.2		0	5483.3	7	9277043	9277076.4	33.4	1175.9	826.1	796.9	698.9	8.1
	9274738.2		0	5483.3	8	9277251.7	9277268.3	16.6	780.2	690	722.7	515.1	2.1
	9274738.2		0	5483.3	9	9277410.1	9277435.1	25	703.9	513	517.8	394.1	3.9
	9274738.2		0	5483.3	10	9277760.5	9277785.5	25	485.7	374.5	257.3	590.7	4.5
	9274738.2		0	5483.3	11	9278127.6	9278135.9	8.2	308.4	609.1	347.1	601.6	0.6
	9274738.2		0	5483.3	12	9278327.8	9278344.5	16.7	340.2	593.6	164.7	869.6	3.6
	9274738.2		0	5483.3	13	9278703.2	9278736.6	33.4	176.2	851.1	176.6	442.1	6.8
	9274738.2		0	5483.3	14	9278828.4	9278836.7	8.3	201.9	382	204.1	383.1	0.1
	9274738.2		0	5483.3	15	9278936.9	9278970.3	33.4	211.9	400.4	230.4	172.6	4.1
	9274738.2		0	5483.3	16	9279187.1	9279220.5	33.4	257.3	184.4	645.1	167.3	7
	9274738.2		0	5483.3	17	9279437.3	9279445.7	8.4	642.2	109.1	764.2	110.5	0.9
	9274738.2		0	5483.3	18	9279604.2	9279629.2	25	751.9	133.7	1175.1	135.9	6.4
	9274738.2		0	5483.3	19	9279829.5	9279837.8	8.4	1228.9	135.1	1312.2	135.5	0.7
	9280226.8		0	1513.1	1	9280380	9280413.4	33.4	1314.7	196.7	902.6	224.3	6.6
	9280226.8		0	1513.1	2	9280605.3	9280638.6	33.4	892.1	234	482.7	240.9	7.3
	9280226.8		0	1513.1	3	9281097.5	9281114.2	16.6	486.7	246.2	312.4	381.6	2.8
	9280226.8		0	1513.1	4	9281222.6	9281230.9	8.2	290.3	455.4	289.5	457	0
	9281741.4		0	1341.5	1	9281915	9281948.3	33.4	300.5	474.2	502.6	352.1	4.8
	9281741.4		0	1341.5	2	9282348.8	9282373.8	25	496.9	358.6	178.5	464.8	6.1
	9281741.4		0	1341.5	3	9282582.4	9282599.1	16.7	216.1	491	512.6	492.8	3.8
	9283091.2		0	2644.7	1	9283291.4	9283308.2	16.7	596.2	553.2	710.5	464.4	2.3
	9283091.2		0	2644.7	2	9283550.1	9283566.8	16.7	672.8	450.5	530.3	403.5	3.1
	9283091.2		0	2644.7	3	9283650.2	9283658.6	8.4	497.1	338	494.5	334.9	0.1
	9283091.2		0	2644.7	4	9283875.4	9283883.8	8.4	497.3	343.9	500.6	258.4	0.8
	9283091.2		0	2644.7	5	9284075.7	9284117.4	41.7	521.5	233.7	1106.6	225.5	11.6
	9283091.2		0	2644.7	6	9284492.8	9284509.5	16.8	1136	276	1262.1	438.8	3
	9283091.2		0	2644.7	7	9284759.8	9284784.8	24.9	1249.1	511.9	1114	752.8	4.4
	9283091.2		0	2644.7	8	9285051.7	9285060.1	8.4	1132.5	767.7	1031.4	800.2	1
	9283091.2		0	2644.7	9	9285235.3	9285243.6	8.4	992.2	846.2	984.6	850	0.1
	9283091.2		0	2644.7	10	9285694.1	9285735.9	41.8	947.9	913.2	943.8	915.4	0.1
	9285738.9		0	1615.3	1	9285886	9285944.3	58.4	954.5	908.4	677.5	373.2	13.6
	9285738.9		0	1615.3	2	9286077.8	9286086.2	8.4	641.6	312.7	641.1	307.4	0.1
	9285738.9		0	1615.3	3	9286178	9286194.6	16.6	650.6	310.5	622.4	482.1	2.1
	9285738.9		0	1615.3	4	9286470	9286545.1	75.1	608.5	527.1	472.3	758.4	6.6
	9285738.9		0	1615.3	5	9286653.4	9286695.2	41.8	473.9	745.7	954.7	634.4	9.5
	9285738.9		0	1615.3	6	9287037.2	9287045.6	8.4	917.4	661.1	915.9	663.8	0.1
	9287355		0	1100.4	1	9287504.4	9287546.2	41.8	894.5	695.5	734.8	278	9
	9287355		0	1100.4	2	9287913.2	9287921.5	8.3	656	273.2	655.3	273.2	0
	9288459.6		0	896.8	1	9288705.7	9288722.4	16.6	705.4	271	890.3	275.5	3.1
	9288459.6		0	896.8	2	9288889.3	9288905.9	16.6	949.7	281.6	1047.5	421.7	1.9
	9289362.2		0	3005.8	1	9289631.7	9289665.1	33.4	1072	410.3	1067.2	189	5.3
	9289362.2		0	3005.8	2	9289973.7	9290007.1	33.4	1037.4	154.5	571.7	163.4	9.1
	9289362.2		0	3005.8	3	9290249.1	9290315.8	66.8	502.2	193.1	228.5	444.1	7.2
	9289362.2		0	3005.8	4	9290641.2	9290666.2	25	232.4	446.7	375.1	459.3	3
	9289362.2		0	3005.8	5	9290849.7	9290858.1	8.4	323.8	479.1	255	386.7	1.3
	9289362.2		0	3005.8	6	9291116.7	9291150	33.4	256.9	380.6	287	763.2	7.3
	9289362.2		0	3005.8	7	9291408.7	9291442.1	33.4	333.9	774.1	785.4	748.8	7.1
	9289362.2		0	3005.8	8	9291600.5	9291617.2	16.6	783.2	718.6	1055.7	725.2	3.8
	9289362.2		0	3005.8	9	9291892.5	9291900.8	8.2	1124.7	733.5	1231.8	633.2	1.2
	9289362.2		0	3005.8	10	9292117.8	9292126.1	8.3	1290.1	592.9	1292.2	592.2	0.1
	9292370.8		0	1524	1	9292509.9	9292551.5	41.6	1317.4	520.7	1072.5	180.2	9.3
	9292370.8		0	1524	2	9292776.7	9292810.2	33.4	1004.4	157.7	637.6	152.2	7.6
	9292370.8		0	1524	3	9292901.9	9292910.2	8.4	541.9	152.8	541.3	153.5	0
	9292370.8		0	1524	4	9293102.1	9293127.1	25	507.2	160.1	260	307	5.2
	9292370.8		0	1524	5	9293360.7	9293385.7	25	702.7	821.7	449.3	467.2	15.4
	9292370.8		0	1524	6	9293719.5	9293727.8	8.4	431	445.9	429.3	445.4	0
	9293898.7		0	1914.7	1	9294111.6	9294120	8.4	456.9	463.8	596	465.1	1.4
	9293898.7		0	1914.7	2	9294320.1	9294336.8	16.7	659.2	447.1	849.4	376.9	2.5
	9293898.7		0	1914.7	3	9294587	9294620.4	33.4	867	345.5	1161.3	271.5	5.2
	9293898.7		0	1914.7	4	9295020.9	9295054.3	33.4	1196.8	252	1103.7	693.5	8.2
	9293898.7		0	1914.7	5	9295337.9	9295354.5	16.6	1086.6	718.5	867.3	760.2	2.4
	9293898.7		0	1914.7	6	9295488	9295496.6	8.6	843.7	785.5	839.7	785.1	0.1
	9293898.7		0	1914.7	7	9295755	9295813.4	58.4	778.7	808.4	780.4	817.5	0.2
	9295817.9		0	6727.8	1	9295963.5	9295996.9	33.4	787.7	745.7	700.5	358.2	7
	9295817.9		0	6727.8	2	9296322.3	9296355.6	33.4	667.1	345.4	307.3	337.9	6.7
	9295817.9		0	6727.8	3	9296622.6	9296647.6	25	284.9	350.9	273.9	585.3	4
	9295817.9		0	6727.8	4	9296964.6	9296989.7	25.1	241.7	573.9	234.4	800.8	3.5
	9295817.9		0	6727.8	5	9297198.2	9297240	41.8	209.5	790.7	751.8	799.6	10.4
	9295817.9		0	6727.8	6	9297473.6	9297490.2	16.6	811	822.1	1073	807.1	3.1
	9295817.9		0	6727.8	7	9297657.1	9297665.5	8.4	1043.7	763.5	1044.8	760.8	0.1
	9295817.9		0	6727.8	8	9297815.6	9297824	8.4	1051.3	760.5	1162.6	759.9	0.8
	9295817.9		0	6727.8	9	9298032.5	9298090.8	58.3	1141.4	762.8	1215	231	11.6
	9295817.9		0	6727.8	10	9298324.4	9298332.8	8.4	1213.2	191.9	1203.5	149.4	0.6
	9295817.9		0	6727.8	11	9298608	9298616.4	8.4	1232.4	128.8	1246.5	124.1	0.6
	9295817.9		0	6727.8	12	9298758.3	9298799.9	41.6	1270.2	141.2	680.4	236.6	12.2
	9295817.9		0	6727.8	13	9299058.5	9299066.9	8.4	643.3	247.2	642.1	373.6	1
	9295817.9		0	6727.8	14	9299434	9299450.6	16.6	640.2	412.7	827.8	422	2.3
	9295817.9		0	6727.8	15	9299809.7	9299859.5	49.8	863.4	414.5	527.1	161.1	8.8
	9295817.9		0	6727.8	16	9300093	9300109.7	16.7	518.5	120.8	275.9	117.2	4.1
	9295817.9		0	6727.8	17	9300326.6	9300343.4	16.8	214.3	139.6	215.4	141	0.1
	9295817.9		0	6727.8	18	9300460.1	9300510.1	50	224.6	158.6	195.5	713	11.2
	9295817.9		0	6727.8	19	9300919	9300952.3	33.4	190.2	718.3	361.2	716.1	4.8
	9295817.9		0	6727.8	20	9301160.8	9301178.4	17.6	388	693.9	574.4	753.7	2.5
	9295817.9		0	6727.8	21	9301427.9	9301469.6	41.8	596.4	798.2	1189	823.4	11.6
	9295817.9		0	6727.8	22	9301703.1	9301711.4	8.3	1193.9	822.2	1202.5	768.4	0.7
	9295817.9		0	6727.8	23	9301945.1	9301970.1	25	1224.8	776.4	1251.9	537.6	3.9
	9295817.9		0	6727.8	24	9302178.7	9302186.9	8.2	1281.5	480.7	1309.5	439	0.4
	9302553.4		0	3229.1	1	9302787.7	9302804.3	16.7	1330.9	352.9	1314	251.2	2.4
	9302553.4		0	3229.1	2	9303012.9	9303037.9	25	1274.1	210.8	1276.3	203.8	0.2
	9302553.4		0	3229.1	3	9303146.4	9303154.6	8.2	1353	193.8	1355.1	192	0.1
	9302553.4		0	3229.1	4	9303238.1	9303254.8	16.6	1358.7	202.8	1245.9	100.2	1.8
	9302553.4		0	3229.1	5	9303447.1	9303471.7	24.7	1272.4	79.7	911.5	93.6	5.1
	9302553.4		0	3229.1	6	9303780.4	9303813.7	33.4	897.1	93.3	596.6	105.4	4.9
	9302553.4		0	3229.1	7	9303972.2	9303997.3	25	554.5	113.4	294.5	117.9	3.9
	9302553.4		0	3229.1	8	9304356	9304372.8	16.8	262.1	176.7	259.5	305.3	1.8
	9302553.4		0	3229.1	9	9304522.8	9304531.2	8.4	230.8	370.4	228.2	368.4	0.1
	9302553.4		0	3229.1	10	9304664.7	9304681.3	16.6	227.6	378.5	242.1	586.8	2.6
	9302553.4		0	3229.1	11	9304931.6	9304956.6	25	255.4	646.1	503.3	601.7	3.6
	9302553.4		0	3229.1	12	9305156.8	9305165.2	8.4	542	545.7	550.2	541.9	0.1
	9302553.4		0	3229.1	13	9305307.1	9305332.1	25	557.5	535.4	816	500	3.6
	9302553.4		0	3229.1	14	9305590.7	9305599.1	8.4	771.8	515.5	755.8	514.4	0.2
	9305786.2		0	2749.2	1	9306107.9	9306124.5	16.6	744.2	500.9	735.8	320.1	2.4
	9305786.2		0	2749.2	2	9306216.3	9306224.7	8.4	702.7	255.1	701	256.8	0
	9305786.2		0	2749.2	3	9306433.3	9306458.3	25	710.9	267	980.3	180.2	4.8
	9305786.2		0	2749.2	4	9306666.8	9306700.1	33.4	982	189.8	1243	180.1	4.6
	9305786.2		0	2749.2	5	9307008.9	9307033.9	25	1220.2	157.6	1311.6	385.2	4.5
	9305786.2		0	2749.2	6	9307451	9307467.8	16.7	1311.7	449.3	1238.5	717.3	3.3
	9305786.2		0	2749.2	7	9307776.4	9307784.8	8.4	1260.6	792.1	1161.4	795.9	1
	9305786.2		0	2749.2	8	9307985	9308010	25	1099.2	790.8	1014	541.9	3.6
	9305786.2		0	2749.2	9	9308185.1	9308210.2	25.1	1014.2	513.7	1011.8	805.8	5
	9305786.2		0	2749.2	10	9308435.5	9308443.7	8.3	967.8	858	965.4	859.1	0.1
	9308538.6		0	5102.4	1	9308927.6	9308944.3	16.7	1014	864.2	1250.2	868.3	3.4
	9308538.6		0	5102.4	2	9309227.9	9309244.5	16.6	1314.6	861.7	1311.6	670.4	2.6
	9308538.6		0	5102.4	3	9309469.8	9309494.9	25.1	1314.4	588.6	1292.8	484	1.9
	9308538.6		0	5102.4	4	9309786.9	9309795.2	8.3	1253.7	432	1251.9	339.7	0.9
	9308538.6		0	5102.4	5	9309970.4	9310012.2	41.7	1239.9	256.3	1224.9	169.9	2
	9308538.6		0	5102.4	6	9310312.4	9310337.5	25.1	1198.1	143.7	974.7	287.2	4.3
	9308538.6		0	5102.4	7	9310654.5	9310679.5	25	980.6	249.6	744.3	241.8	3.4
	9308538.6		0	5102.4	8	9310946.5	9310954.7	8.2	692.8	209.5	624.5	197.9	0.6
	9308538.6		0	5102.4	9	9311205.1	9311238.5	33.4	593.3	160.3	193.8	166.1	7.8
	9308538.6		0	5102.4	10	9311730.6	9311739	8.4	143.3	213.7	145.7	217.5	0.1
	9308538.6		0	5102.4	11	9311830.7	9311839.1	8.4	157	234.4	301.7	231.9	1.2
	9308538.6		0	5102.4	12	9312047.6	9312056	8.4	334	196.5	395.7	259.9	1
	9308538.6		0	5102.4	13	9312222.8	9312247.8	25	395.5	321.5	283.6	534.3	4.3
	9308538.6		0	5102.4	14	9312531.5	9312548.2	16.7	281	588.6	152.5	781.8	3
	9308538.6		0	5102.4	15	9312631.6	9312640	8.4	135.4	860.4	131.9	859.2	0.1
	9308538.6		0	5102.4	16	9312856.8	9312890.2	33.4	132.7	856.3	522.8	810.7	7.1
	9308538.6		0	5102.4	17	9313082.1	9313107.2	25.2	504.2	770.7	758.6	844.1	4.2
	9308538.6		0	5102.4	18	9313282.3	9313290.7	8.4	740.8	828.5	740.4	726	0.8
	9313649.3		0	3262	1	9314141.6	9314166.7	25	736.9	693.8	1103.2	694.2	5.1
	9313649.3		0	3262	2	9314475.3	9314483.6	8.4	1089.7	700.4	1212.4	706.2	1.1
	9313649.3		0	3262	3	9314784	9314800.6	16.6	1236.4	735.7	1017.9	795.4	2.7
	9313649.3		0	3262	4	9315084.2	9315126	41.8	1013.4	820	1185.3	442.1	7.4
	9313649.3		0	3262	5	9315351.2	9315359.6	8.4	1215.1	373.3	1216.8	372.8	0
	9313649.3		0	3262	6	9315468	9315493.1	25.1	1221.3	360.4	1196.5	156.5	3.1
	9313649.3		0	3262	7	9315893.5	9315910.2	16.7	1160.1	156.4	927.3	162.8	3.3
	9313649.3		0	3262	8	9316052	9316060.3	8.4	857.8	184	856.2	186.6	0.1
	9313649.3		0	3262	9	9316202.2	9316218.8	16.6	828.2	166.2	600.8	165.5	4.1
	9313649.3		0	3262	10	9316535.8	9316560.9	25.1	525.2	161.2	488.3	114.5	2
	9316915.4		0	8513.4	1	9317295	9317320	25	487.2	90.8	823.9	94.8	5.2
	9316915.4		0	8513.4	2	9317670.4	9317712.1	41.7	806.5	105	1197.1	112	7.2
	9316915.4		0	8513.4	3	9318020.8	9318104.2	83.5	1215.2	165	1259.5	441.4	6.4
	9316915.4		0	8513.4	4	9318437.9	9318479.6	41.8	1325.8	426	1235.4	816.9	7.7
	9316915.4		0	8513.4	5	9318796.6	9318813.4	16.8	1211.6	793.5	1060.1	803.4	1.9
	9316915.4		0	8513.4	6	9318963.5	9318996.9	33.4	1022.4	810.2	655.9	829.8	7
	9316915.4		0	8513.4	7	9319247.1	9319272.1	25.1	637.8	871.9	621	623.6	4
	9316915.4		0	8513.4	8	9319530.7	9319572.5	41.7	604	550.1	500.9	755.1	4.4
	9316915.4		0	8513.4	9	9319739.3	9319755.9	16.6	467	751	272.4	785.3	2.3
	9316915.4		0	8513.4	10	9319964.6	9319981.2	16.6	248.5	798.4	209.5	702.7	1.8
	9316915.4		0	8513.4	11	9320214.8	9320223.2	8.4	212.1	627.1	213.8	625.7	0.1
	9316915.4		0	8513.4	12	9320398.3	9320415.1	16.8	203.5	581.9	278.8	402.5	2.5
	9316915.4		0	8513.4	13	9320573.5	9320583.5	10	336.5	417.4	388.8	427.9	0.5
	9316915.4		0	8513.4	14	9320948.9	9320957.3	8.4	378.1	453.4	383.5	335.5	1
	9316915.4		0	8513.4	15	9321124.2	9321132.5	8.4	405.8	272	419.4	276	0.2
	9316915.4		0	8513.4	16	9321316	9321332.7	16.6	452.3	286.1	372.2	141.1	1.9
	9316915.4		0	8513.4	17	9321658	9321683.1	25.1	359.2	143.3	106.7	236.7	4
	9316915.4		0	8513.4	18	9322008.5	9322050.1	41.6	149.7	262.1	534.6	262.9	7.3
	9316915.4		0	8513.4	19	9322367.1	9322383.9	16.8	540.4	221.7	642.6	156	1.7
	9316915.4		0	8513.4	20	9322684.2	9322725.8	41.6	697.7	112.7	866.9	105.8	3.8
	9316915.4		0	8513.4	21	9322917.7	9322942.8	25.1	948.8	94.6	1275.6	93.5	4.9
	9316915.4		0	8513.4	22	9323360	9323368.2	8.3	1268.8	157.4	1266.8	158.6	0
	9316915.4		0	8513.4	23	9323468.3	9323493.3	25	1264.8	170.5	1125.6	423.1	4.5
	9316915.4		0	8513.4	24	9323785.3	9323810.5	25.2	1133.5	482.3	752.3	495.9	5.6
	9316915.4		0	8513.4	25	9324194.2	9324227.6	33.4	702.1	514	456.2	782.7	6.5
	9316915.4		0	8513.4	26	9324461	9324469.4	8.4	423	785.4	282.1	847	1.2
	9316915.4		0	8513.4	27	9324661.3	9324669.7	8.4	253.9	855.2	129.1	858.3	1.2
	9316915.4		0	8513.4	28	9324953.3	9325003.4	50.1	120	903.2	857	885.9	15
	9316915.4		0	8513.4	29	9325145.2	9325186.9	41.8	857.1	881.8	195.7	887.6	13.6
	9316915.4		0	8513.4	30	9325312	9325320.5	8.5	157.3	894.8	55.7	899.7	0.7
	9325436.2		0	1536	1	9325595.6	9325629	33.4	100.7	883	266.6	472.3	9.2
	9325436.2		0	1536	2	9325762.5	9325779.3	16.8	305.8	437.2	491.3	459.5	1.8
	9325436.2		0	1536	3	9326037.9	9326079.5	41.6	484.7	490.3	583.1	240.3	4.9
	9325436.2		0	1536	4	9326421.6	9326438.2	16.6	589.6	180.6	785.8	249.6	2.5
	9325436.2		0	1536	5	9326631.7	9326638.5	6.8	797.3	316.6	796.6	322.2	0.1
	9326977.3		0	3924.1	1	9327297.5	9327314.2	16.7	797.4	305.2	781.7	181.9	1.6
	9326977.3		0	3924.1	2	9327597.8	9327622.8	25	749.6	159.5	1051.9	153.1	4.8
	9326977.3		0	3924.1	3	9327914.8	9327923.2	8.4	1118.4	154	1282.4	155.5	1.3
	9326977.3		0	3924.1	4	9328148.4	9328173.4	25	1286.4	196.1	1295.4	442	4.3
	9326977.3		0	3924.1	5	9328482.2	9328507.2	25.1	1334.9	443.7	1237.5	663.4	3.4
	9326977.3		0	3924.1	6	9328882.5	9328907.7	25.1	1230.6	699.5	1142.4	900.5	3.4
	9326977.3		0	3924.1	7	9329132.8	9329174.5	41.8	1146.1	895.5	684.9	886.9	9.1
	9326977.3		0	3924.1	8	9329366.4	9329408.1	41.7	661	876.3	222.5	859.1	10.2
	9326977.3		0	3924.1	9	9329583.4	9329600	16.6	246.1	826.1	231.2	698.4	1.7
	9326977.3		0	3924.1	10	9329908.6	9329967.1	58.5	204	646.9	207.5	200.8	8.7
	9326977.3		0	3924.1	11	9330083.9	9330092.3	8.4	208.1	279.3	211	283	0.1
	9326977.3		0	3924.1	12	9330217.4	9330225.7	8.4	265	256.7	289.6	223.2	0.7
	9326977.3		0	3924.1	13	9330425.8	9330434.2	8.4	308.5	201	388.8	204.5	1
	9326977.3		0	3924.1	14	9330559.3	9330567.7	8.4	459.6	183.2	363.9	179.8	0.8
	9330905.1		0	1230.9	1	9331135	9331151.7	16.7	367.1	114.9	478	220.4	2.1
	9330905.1		0	1230.9	2	9331293.5	9331326.8	33.3	490.3	271.4	275.9	115.3	5
	9330905.1		0	1230.9	3	9331560.4	9331585.4	25	281.5	145.5	578.5	374.2	5.4
	9330905.1		0	1230.9	4	9331752.3	9331760.7	8.3	584.8	436.5	671.7	443.5	0.6
	9332138.9		0	1265.2	1	9332394.6	9332419.8	25.1	664.5	396.6	758.5	257.1	3
	9332138.9		0	1265.2	2	9332619.9	9332645	25.2	799.1	227.4	1136.7	228.1	4.8
	9332138.9		0	1265.2	3	9332928.6	9332937	8.4	1175.5	251.5	1209.6	307.5	0.7
	9332138.9		0	1265.2	4	9333053.8	9333062.1	8.4	1229.3	342.9	1228.4	418.3	0.5
	9333408.8		0	5426.7	1	9333746.1	9333771.2	25.1	1187.3	388.7	961.7	274.5	5.1
	9333408.8		0	5426.7	2	9334096.6	9334113.2	16.6	926.8	266.5	1036.3	198	2
	9333408.8		0	5426.7	3	9334213.3	9334221.7	8.4	1096	164.1	1094.3	162.4	0
	9333408.8		0	5426.7	4	9334421.8	9334455.2	33.4	1099.7	172	1255.4	546.2	6.8
	9333408.8		0	5426.7	5	9334748.8	9334763.9	15.1	1256.9	584.6	1139.3	789.9	2.2
	9333408.8		0	5426.7	6	9334972.4	9335014.2	41.8	1148.5	769.3	701.6	874.4	8.8
	9333408.8		0	5426.7	7	9335197.7	9335231.1	33.4	680.3	884.7	285.3	851.8	7.7
	9333408.8		0	5426.7	8	9335506.4	9335523.1	16.6	306.2	828.9	137.1	838.1	2
	9333408.8		0	5426.7	9	9335714.9	9335740.1	25.2	139.5	872.3	241.4	581.6	4.4
	9333408.8		0	5426.7	10	9335948.5	9335965.3	16.7	269.4	542.9	452.8	541.7	2.4
	9333408.8		0	5426.7	11	9336148.8	9336157.2	8.4	513.2	502.9	514.2	502.7	0
	9333408.8		0	5426.7	12	9336273.9	9336323.9	50	497.9	497.4	294.6	245.5	6.2
	9333408.8		0	5426.7	13	9336524.1	9336532.5	8.4	251.8	199.9	221.1	131.7	0.8
	9333408.8		0	5426.7	14	9336741.1	9336749.4	8.3	228.4	188.8	203.8	309	1.1
	9333408.8		0	5426.7	15	9337049.8	9337074.7	25	219	328.5	633.6	338.3	7.6
	9333408.8		0	5426.7	16	9337358.3	9337375.1	16.8	659.3	364.3	671.4	210.1	2.1
	9333408.8		0	5426.7	17	9337642.1	9337667.1	25	694.7	164.4	1046	162.2	5.5
	9333408.8		0	5426.7	18	9337917.3	9337925.7	8.4	1105.7	173.5	1105.4	175	0.1
	9333408.8		0	5426.7	19	9338276.1	9338284.5	8.4	1114.2	107	1117.7	106.4	0
	9333408.8		0	5426.7	20	9338534.7	9338543.1	8.4	1110	144.9	1109.3	260	1.4
	9333408.8		0	5426.7	21	9338634.8	9338643.2	8.3	1109.2	329.1	1110.9	329.3	0.1
	9338837.9		0	798	1	9339051.9	9339068.5	16.6	1103.9	331.2	936.4	329.2	2.2
	9338837.9		0	798	2	9339243.8	9339268.8	25	897.2	299.8	626.1	405.5	3.8
	9339640.5		0	4750.6	1	9340086.4	9340119.8	33.4	632.8	471.1	885.2	207.8	5.9
	9339640.5		0	4750.6	2	9340345	9340378.4	33.4	916.5	166.3	1255.7	164	6
	9339640.5		0	4750.6	3	9340678.6	9340720.4	41.7	1210.9	198.9	1206.1	731.8	10.5
	9339640.5		0	4750.6	4	9341029.1	9341070.7	41.6	1209.1	746.1	731.3	852.1	9.1
	9339640.5		0	4750.6	5	9341237.6	9341271	33.3	717.9	830.9	270.6	837.5	9.1
	9339640.5		0	4750.6	6	9341379.5	9341387.7	8.2	197.7	827.4	195.6	822.4	0.1
	9339640.5		0	4750.6	7	9341613	9341621.3	8.4	189.5	764.1	191.4	635.4	1.6
	9339640.5		0	4750.6	8	9341821.6	9341846.6	25	204.7	573.5	211.3	347.2	4.2
	9339640.5		0	4750.6	9	9342138.6	9342238.7	100.2	237.7	284.8	446	348	5.3
	9339640.5		0	4750.6	10	9342472.3	9342497.3	25	436.7	344.2	694.2	212.4	4.4
	9339640.5		0	4750.6	11	9342689.2	9342705.9	16.7	744.8	188.3	803.6	154.7	1.1
	9339640.5		0	4750.6	12	9342964.4	9342989.5	25.1	852.6	130.3	1160.2	174.4	4.4
	9339640.5		0	4750.6	13	9343214.8	9343239.8	25	1206.3	189.4	1332.8	171.4	2
	9339640.5		0	4750.6	14	9343473.4	9343615.2	141.8	1335.9	160.5	1382.5	250.9	11.1
	9344392.6		0	2734.7	1	9344566.2	9344582.9	16.6	1334.2	248.2	1063.9	263.5	3.7
	9344392.6		0	2734.7	2	9344758.1	9344766.5	8.4	996.3	248.7	998.2	246.3	0.1
	9344392.6		0	2734.7	3	9344933.2	9344958.3	25.1	1008.3	236	1297.7	242.3	4.6
	9344392.6		0	2734.7	4	9345225.2	9345258.6	33.4	1267.9	280.1	1257.9	763.7	9.3
	9344392.6		0	2734.7	5	9345483.8	9345592.3	108.5	1244.9	825.3	947.5	689.2	8.6
	9344392.6		0	2734.7	6	9345884.3	9345901	16.6	948.8	686.5	769.2	754	2
	9344392.6		0	2734.7	7	9346051.2	9346076.2	25	759.1	781	563.7	679.9	4
	9344392.6		0	2734.7	8	9346309.8	9346326.4	16.6	522.3	633	295.3	770.9	3.2
	9344392.6		0	2734.7	9	9346551.7	9346576.7	25	262.6	809.3	174.4	640.1	3.2
	9344392.6		0	2734.7	10	9346785.3	9346793.7	8.3	136.5	615.5	106.4	632.8	0.4
	9347127.5		0	2744.4	1	9347294.2	9347319.1	25	102.1	624.5	205.6	373.5	4.2
	9347127.5		0	2744.4	2	9347577.7	9347602.9	25.1	225.2	321.9	514.9	223.2	4.7
	9347127.5		0	2744.4	3	9347836.4	9347853.2	16.8	568.3	180.2	729.1	185.3	2.3
	9347127.5		0	2744.4	4	9348195.1	9348228.5	33.4	783.8	203.4	1192.2	199.9	6.9
	9347127.5		0	2744.4	5	9348837.5	9348845.8	8.3	1225.3	207.1	1234.3	293.8	0.6
	9347127.5		0	2744.4	6	9349062.7	9349079.5	16.8	1242.7	338.2	1242.2	529	2.7
	9347127.5		0	2744.4	7	9349338.1	9349346.5	8.4	1220.5	585.1	1164.4	674.6	1.1
	9347127.5		0	2744.4	8	9349488.2	9349496.6	8.4	1172.4	710.9	1150.4	616.2	1
	9347127.5		0	2744.4	9	9349696.8	9349713.4	16.6	1136.1	538.5	1131.5	546.2	0.2
	9349879.7		0	1710.8	1	9350080.5	9350113.9	33.4	1102.5	558.8	902.7	423.4	5
	9349879.7		0	1710.8	2	9350339.2	9350364.2	25	879	385.7	614.9	410.3	4
	9349879.7		0	1710.8	3	9350606	9350614.4	8.4	561.8	430.3	446.8	559.6	1.3
	9349879.7		0	1710.8	4	9350964.8	9350989.9	25.1	390.1	580.2	145.2	584.7	4.1
	9351592.2		0	2350.9	1	9351807.4	9351815.7	8.4	174.6	561.4	243.5	527	0.8
	9351592.2		0	2350.9	2	9351974.2	9351991	16.7	250.3	453.4	219.7	303.6	2.1
	9351592.2		0	2350.9	3	9352207.9	9352216.1	8.3	180.7	247.4	179.8	205.2	0.5
	9351592.2		0	2350.9	4	9352574.8	9352591.6	16.8	302.7	167.1	490.4	164.1	2.2
	9351592.2		0	2350.9	5	9352858.6	9352892	33.4	543.1	134.6	973	246.8	7.8
	9351592.2		0	2350.9	6	9353267.3	9353283.9	16.6	970.8	234.1	1067.7	179.3	1.5
	9351592.2		0	2350.9	7	9353459.2	9353475.8	16.6	1099.9	211.1	1090.6	411.3	2.9
	9351592.2		0	2350.9	8	9353659.4	9353667.7	8.2	1062.4	458.2	1032.8	469.5	0.2
	9353943.3		0	2677.6	1	9354159.9	9354193.3	33.4	1025.1	496.3	795.3	395.6	4.7
	9353943.3		0	2677.6	2	9354485.3	9354527.1	41.8	781.9	406	237.9	544.3	11.1
	9353943.3		0	2677.6	3	9354827.4	9354844	16.6	237	558.5	264.6	367	2.5
	9353943.3		0	2677.6	4	9355035.9	9355069.2	33.4	291	333.1	712.1	234.9	7.8
	9353943.3		0	2677.6	5	9355286.1	9355302.9	16.8	708.4	202.4	871.8	246.5	1.9
	9353943.3		0	2677.6	6	9355453	9355478	25	859.5	295.3	1209.5	430.5	6
	9353943.3		0	2677.6	7	9355745	9355770	25	1203.3	443.1	1199.9	194.7	3.5
	9353943.3		0	2677.6	8	9356012	9356053.6	41.6	1167.4	173.6	686.4	293.1	9.5
	9353943.3		0	2677.6	9	9356187.1	9356228.9	41.8	697.9	257.2	1227.5	199.3	10.8
	9356624.3		0	2023.9	1	9356829.6	9356846.2	16.7	1228.4	176.3	1110.8	212.2	1.8
	9356624.3		0	2023.9	2	9357079.8	9357096.4	16.6	1130.2	215.2	986.2	318.1	2.4
	9356624.3		0	2023.9	3	9357288.3	9357330.1	41.7	1015.1	363.5	1166	769	10.8
	9356624.3		0	2023.9	4	9357613.7	9357663.8	50.1	1187.5	782.1	521.7	810.5	15.4
	9356624.3		0	2023.9	5	9357989	9358014.1	25.1	516.1	811.8	257.9	756.7	3.9
	9356624.3		0	2023.9	6	9358256	9358264.4	8.4	234.5	723.2	274.3	627.6	0.9
	9358656.1		0	1702.3	1	9358865	9358881.7	16.8	352.5	617.5	486.8	501.5	2
	9358656.1		0	1702.3	2	9359073.6	9359090.3	16.6	460.8	491.5	267.5	488	2.9
	9358656.1		0	1702.3	3	9359323.9	9359348.9	25	253.1	476.3	391.5	292.1	3.5
	9358656.1		0	1702.3	4	9359665.8	9359707.6	41.8	423.1	243.4	968.7	526.5	11.7
	9358656.1		0	1702.3	5	9359957.9	9359966.2	8.4	937.1	559.3	1019.4	638.4	0.9
	9358656.1		0	1702.3	6	9360133.1	9360141.5	8.4	1011.1	657.2	1006.7	662.6	0.1
	9360361.2		0	1982.6	1	9360591.9	9360600.2	8.3	986.8	640.2	986.5	562.9	0.8
	9360361.2		0	1982.6	2	9360717.1	9360767.1	50	965.7	512.9	407.8	527.4	12.7
	9360361.2		0	1982.6	3	9361150.8	9361167.6	16.7	420.2	536.5	588.4	559.9	1.9
	9360361.2		0	1982.6	4	9361309.3	9361334.4	25.1	586	581.6	585.9	286.6	4.4
	9360361.2		0	1982.6	5	9361593.1	9361618	25	627.1	250.1	1013.2	235.4	5.6
	9360361.2		0	1982.6	6	9361893.3	9361901.7	8.4	1057.3	222.2	989.6	250.8	0.5
	9362344		0	750.7	1	9362660.9	9362669.1	8.3	993.1	285.6	896.6	287	1
	9362344		0	750.7	2	9362802.6	9362811.2	8.5	818.7	269.4	819.7	265.5	0.1
	9363096.6		0	1908.5	1	9363353.2	9363370	16.8	761.8	243.5	508	244.6	3.6
	9363096.6		0	1908.5	2	9363536.7	9363545.1	8.4	429.6	233.5	288.1	232.9	1.3
	9363096.6		0	1908.5	3	9363862.1	9363903.8	41.8	246.1	246	235.9	710	8.8
	9363096.6		0	1908.5	4	9364129.1	9364145.7	16.6	197.7	725.1	457.9	729.4	3.3
	9363096.6		0	1908.5	5	9364329.3	9364345.9	16.6	537	711.4	706	736	1.9
	9363096.6		0	1908.5	6	9364537.8	9364563	25.2	730.6	770	1174.3	759	6.7
	9363096.6		0	1908.5	7	9364721.4	9364729.7	8.3	1130.9	736.3	1126.8	728.2	0.4
	9365008.9		0	1155.7	1	9365180.2	9365188.5	8.4	1086.7	681.9	1051.5	522.8	1.5
	9365008.9		0	1155.7	2	9365280.3	9365288.7	8.4	1011.4	464.9	1008.9	464.8	0.1
	9365008.9		0	1155.7	3	9365422.2	9365447.1	25	1004.2	480.4	782.8	412.5	3.3
	9365008.9		0	1155.7	4	9365647.4	9365672.4	25	778.7	363.3	1107.4	351.8	5.4
	9365008.9		0	1155.7	5	9365806.8	9365855.9	49.1	1117.8	321.8	915.5	215.4	4.3
	9365008.9		0	1155.7	6	9365981.1	9365989.4	8.3	842.6	195.2	839.5	193.6	0
	9366167		0	1616.1	1	9366389.9	9366423.2	33.4	816.1	184.4	508.4	194.5	6.5
	9366167		0	1616.1	2	9366690.7	9366756.9	66.2	437.7	222.2	213	459.9	7.3
	9366167		0	1616.1	3	9366965.5	9366982.1	16.6	234.8	491.4	490.8	492.1	3.2
	9366167		0	1616.1	4	9367182.4	9367190.7	8.4	675.7	927.3	687.9	568.2	7.3
	9367784.5		0	1625.3	1	9368133.4	9368141.9	8.5	722.5	541.1	727.4	401.5	1.3
	9367784.5		0	1625.3	2	9368241.8	9368250.2	8.4	747.6	324.6	748.9	324.7	0
	9367784.5		0	1625.3	3	9368400.3	9368425.4	25.1	717.3	311.8	438.1	303.7	4.9
	9367784.5		0	1625.3	4	9368817.6	9368851.6	34	472.4	290.5	997.4	339.2	11.1
	9367784.5		0	1625.3	5	9369026	9369034.4	8.4	1038.2	368.3	1095.7	369.3	0.7
	9369415.7		0	2630.2	1	9369618.4	9369635	16.6	1095.5	392.8	836.5	396.8	3.4
	9369415.7		0	2630.2	2	9369868.6	9369977.1	108.5	768.6	365.6	762.1	626.6	6.5
	9369415.7		0	2630.2	3	9370185.6	9370194	8.4	749.6	660.2	744.7	660.7	0.1
	9369415.7		0	2630.2	4	9370277.4	9370310.7	33.4	806.3	671.5	1253.7	499.7	9.9
	9369415.7		0	2630.2	5	9370511	9370519.4	8.4	1267.7	484.9	1266.6	423.3	0.7
	9369415.7		0	2630.2	6	9370686.2	9370727.9	41.6	1277.6	363.7	1095.8	201.6	5.2
	9369415.7		0	2630.2	7	9370969.8	9370994.8	25	1067.5	181.9	805	172.3	3.9
	9369415.7		0	2630.2	8	9371128.3	9371236.7	108.4	740.9	139.1	246.4	144.3	12.2
	9369415.7		0	2630.2	9	9371520.4	9371545.5	25	253.6	203.1	230.6	491.7	4
	9369415.7		0	2630.2	10	9371628.8	9371662.2	33.4	197.7	480.1	128	172.8	6
	9369415.7		0	2630.2	11	9371787.3	9371795.7	8.4	156.7	200.1	158.7	207.7	0.2
	9372047.9		0	1516.3	1	9372237.8	9372254.5	16.8	167.5	169.9	430.5	258.3	3.7
	9372047.9		0	1516.3	2	9372621.6	9372646.7	25	463.8	292.9	454.4	635.5	6.2
	9372047.9		0	1516.3	3	9372838.5	9372863.5	25	415.9	678	138.3	775.9	4.1
	9372047.9		0	1516.3	4	9373080.4	9373088.8	8.4	121.2	809.2	91.4	828.9	0.5
	9373567.7		0	2758	1	9373722.8	9373756.1	33.4	50.7	841.6	196.5	455.3	6.9
	9373567.7		0	2758	2	9373839.6	9373848	8.4	248.9	409.6	250.3	408.3	0.1
	9373567.7		0	2758	3	9373973.1	9373989.7	16.6	257.5	415.3	234	243.4	2.3
	9373567.7		0	2758	4	9374206.6	9374240	33.4	202.7	200.2	607	191.8	6.6
	9373567.7		0	2758	5	9374490.4	9374507	16.6	659.6	162.4	903.9	217.3	2.6
	9373567.7		0	2758	6	9374723.8	9374757.2	33.4	905.2	209	1275.2	196.3	5.2
	9373567.7		0	2758	7	9375216.1	9375257.8	41.7	1231.3	205.7	1283.7	757.1	11.4
	9373567.7		0	2758	8	9375541.4	9375558.1	16.6	1275.5	803.1	1099.6	854.2	1.6
	9373567.7		0	2758	9	9375691.6	9375733.3	41.8	1141.3	852.3	948.9	514	7.7
	9373567.7		0	2758	10	9375941.9	9375950.2	8.2	937.1	514.3	871.9	532.8	0.4
	9376327.2		0	4278.1	1	9376509.2	9376525.8	16.6	846.5	564	783.9	401.9	2.4
	9376327.2		0	4278.1	2	9376826.1	9376851.1	25	778.3	348.3	988.6	243.6	4
	9376327.2		0	4278.1	3	9377134.9	9377151.5	16.6	1017.1	239	1217.6	238.5	2.5
	9376327.2		0	4278.1	4	9377426.9	9377451.9	25	1232.4	272.4	996.4	568.2	6.7
	9376327.2		0	4278.1	5	9377777.2	9377793.9	16.6	1013.1	574.5	1159.7	761.1	2.8
	9376327.2		0	4278.1	6	9378136	9378177.6	41.7	1168.4	819.8	727.8	816.4	8.3
	9376327.2		0	4278.1	7	9378327.8	9378344.5	16.7	662.8	800.4	573.9	634.7	2.2
	9376327.2		0	4278.1	8	9378536.4	9378544.7	8.3	564	579	546.6	555.4	0.4
	9376327.2		0	4278.1	9	9378644.8	9378719.8	75	509.7	500.8	416.8	211.4	7.7
	9376327.2		0	4278.1	10	9379095.3	9379112	16.6	376	175.8	188.4	214.9	2.4
	9376327.2		0	4278.1	11	9379445.7	9379470.7	25	161	285.2	156.3	578.8	5
	9376327.2		0	4278.1	12	9379737.7	9379754.3	16.6	133.3	629	140.7	858.4	2.4
	9376327.2		0	4278.1	13	9380012.9	9380038	25.1	148.8	812.1	282.5	740	2.4
	9376327.2		0	4278.1	14	9380196.5	9380204.8	8.2	298.3	713.5	150.5	847.8	1.7
	9376327.2		0	4278.1	15	9380371.7	9380380	8.4	69.8	866.9	69.2	866.5	0
	9380606.6		0	2151	1	9380747	9380797.1	50.2	59	872.2	282.3	306.8	12.8
	9380606.6		0	2151	2	9381080.8	9381105.7	25	323.1	293	357.8	153.8	2.2
	9380606.6		0	2151	3	9381281	9381297.6	16.6	401.9	113.7	560.9	115.7	2.2
	9380606.6		0	2151	4	9381406.1	9381514.6	108.5	639.9	134.4	1262	141.2	15
	9380606.6		0	2151	5	9381898.3	9381923.3	25	1259.1	188.3	1226.1	489.5	5.6
	9380606.6		0	2151	6	9382198.6	9382206.9	8.4	1204.6	529.8	1289.7	582.5	0.8
	9382759.4		0	2183.9	1	9382907.7	9382941	33.4	1350.1	591	1181.2	284.9	6.9
	9382759.4		0	2183.9	2	9383032.9	9383041.2	8.2	1136.5	231.2	1135.4	229	0
	9382759.4		0	2183.9	3	9383166.3	9383208	41.7	1142.5	215.2	717.3	189	8.1
	9382759.4		0	2183.9	4	9383466.7	9383483.4	16.7	691.6	201.2	639.5	387.4	2.9
	9382759.4		0	2183.9	5	9383750.3	9383775.4	25.1	634.1	459.6	297.2	495.6	4.7
	9382759.4		0	2183.9	6	9384009	9384034	25.1	255.3	450.8	181.7	190.4	4.6
	9382759.4		0	2183.9	7	9384317.6	9384367.7	50	148.9	183.6	152.7	871.7	13.8
	9382759.4		0	2183.9	8	9384559.5	9384576.3	16.8	140.4	862.3	386.1	857.8	2.5
	9384945.6		0	7322.3	1	9385110.1	9385143.5	33.4	345.4	820.1	448.3	401.8	8.7
	9384945.6		0	7322.3	2	9385402.1	9385418.9	16.8	462.5	379.1	630.7	376.1	1.9
	9384945.6		0	7322.3	3	9385577.3	9385602.4	25	639.4	379.1	908.7	368.7	4.1
	9384945.6		0	7322.3	4	9385760.8	9385769.2	8.4	956	316.1	956.5	314.9	0.1
	9384945.6		0	7322.3	5	9385886	9385911	25	952.6	320	1206.9	283.2	3.7
	9384945.6		0	7322.3	6	9386286.5	9386319.8	33.4	1229.2	254.2	1252.4	685.1	7.9
	9384945.6		0	7322.3	7	9386628.4	9386645.2	16.8	1280.1	724.9	1161.8	823.3	1.7
	9384945.6		0	7322.3	8	9386903.8	9386953.8	50	1184.9	822.5	736.4	525.3	11.3
	9384945.6		0	7322.3	9	9387179	9387187.4	8.4	720.7	482.9	722.9	381.1	1
	9384945.6		0	7322.3	10	9387304.2	9387312.5	8.4	741.1	304.8	740.7	302.6	0
	9384945.6		0	7322.3	11	9387437.7	9387446	8.4	722.9	260.8	719.7	189.2	0.8
	9384945.6		0	7322.3	12	9387579.5	9387604.5	25	688.2	207.7	415.6	453.8	6.5
	9384945.6		0	7322.3	13	9387871.5	9387896.5	25	416.3	474.9	164	800.2	6.7
	9384945.6		0	7322.3	14	9388255.3	9388271.9	16.6	175.5	793.3	177.5	526.6	3.5
	9384945.6		0	7322.3	15	9388472.1	9388488.8	16.6	181.6	438.3	183.1	239.5	2.4
	9384945.6		0	7322.3	16	9388805.9	9388847.6	41.7	201.8	233.3	135.5	875.5	13.1
	9384945.6		0	7322.3	17	9389164.5	9389197.9	33.4	85	894.8	489.6	897.7	6.6
	9384945.6		0	7322.3	18	9389389.7	9389423.1	33.4	568.2	884	997.4	842.7	8
	9384945.6		0	7322.3	19	9389673.5	9389681.7	8.3	1024.9	836.7	1098.1	741.2	1.1
	9384945.6		0	7322.3	20	9389823.6	9389832	8.4	1108.4	662	1109.1	660.8	0
	9384945.6		0	7322.3	21	9390015.5	9390132.2	116.7	1124.9	656.2	1201.6	191.2	13.9
	9384945.6		0	7322.3	22	9390424.2	9390457.6	33.4	1154	166.4	737.7	464	11.3
	9384945.6		0	7322.3	23	9390807.9	9390824.7	16.8	728.5	454.5	724.2	304.1	2
	9384945.6		0	7322.3	24	9391033.2	9391041.5	8.3	656.8	311.4	536.1	305.7	1.4
	9384945.6		0	7322.3	25	9391300.1	9391308.5	8.4	471.2	274.1	468.2	261.9	0.4
	9384945.6		0	7322.3	26	9391408.7	9391417	8.3	452.5	178.3	451.5	178.2	0
	9384945.6		0	7322.3	27	9391508.8	9391525.4	16.7	449.1	176.9	258.6	171.1	2.6
	9384945.6		0	7322.3	28	9391834.1	9391859.1	25	220.1	193.5	194.7	409	3.5
	9384945.6		0	7322.3	29	9392142.7	9392176.1	33.4	158.2	402.8	394.3	522.2	4.9
	9392272.2		0	754.9	1	9392451.3	9392468.1	16.8	434.9	552.3	548.1	427.3	2.4
	9392272.2		0	754.9	2	9392685	9392693.3	8.4	583.7	375.4	585.2	348.2	0.4
	9393033.2		0	7285	1	9393352.4	9393377.4	25	610.1	309.2	993.6	409.1	5.7
	9393033.2		0	7285	2	9393602.7	9393610.9	8.2	1025.7	409.5	1110.9	305.6	1.2
	9393033.2		0	7285	3	9393836.4	9393861.3	24.9	1121.3	274.2	1176.5	200.4	1.6
	9393033.2		0	7285	4	9393953.1	9393961.4	8.4	1222.8	164.1	1237.2	160.6	0.2
	9393033.2		0	7285	5	9394169.9	9394194.9	25	1226.3	166.1	939.4	376.7	5
	9393033.2		0	7285	6	9394495.3	9394537.1	41.8	941.4	391	1131.1	792.3	10.3
	9393033.2		0	7285	7	9394820.7	9394854	33.4	1120.9	804.9	521.9	823.8	11.8
	9393033.2		0	7285	8	9394962.6	9394970.8	8.2	440.8	832.4	440	833.4	0
	9393033.2		0	7285	9	9395062.5	9395079.3	16.8	454.9	820.1	239.9	822	2.5
	9393033.2		0	7285	10	9395321.1	9395346.3	25.1	215.8	833.7	105.6	825.2	2.2
	9393033.2		0	7285	11	9395521.6	9395538.1	16.6	128	791	205.1	535.5	3
	9393033.2		0	7285	12	9395730	9395746.6	16.6	227	500.1	492	576.1	3.4
	9393033.2		0	7285	13	9396005.3	9396055.4	50.1	490.2	644.5	253.1	308.7	7.6
	9393033.2		0	7285	14	9396272.2	9396280.6	8.4	241.7	312.5	188.6	226.1	0.9
	9393033.2		0	7285	15	9396530.9	9396547.5	16.6	158.1	200.4	415.6	204.5	4.4
	9393033.2		0	7285	16	9396722.7	9396731.1	8.4	501.5	214.5	502.8	212.9	0
	9393033.2		0	7285	17	9396906.2	9396931.2	25	494.8	214.9	695.4	129	3.7
	9393033.2		0	7285	18	9397148.2	9397189.8	41.6	719.7	97.8	1213.5	102.8	9.3
	9393033.2		0	7285	19	9397523.6	9397532	8.4	1238.5	133.6	1323.5	220.1	1.2
	9393033.2		0	7285	20	9397790.6	9397815.6	25	1316.6	277.7	1292.6	585.3	5.2
	9393033.2		0	7285	21	9398124.2	9398141	16.8	1270.7	611.6	1229	799	2.3
	9393033.2		0	7285	22	9398432.9	9398449.5	16.6	1184.2	818.6	1158.7	602.2	2.7
	9393033.2		0	7285	23	9398541.4	9398674.8	133.4	1120.3	541.7	789.7	512.9	11
	9393033.2		0	7285	24	9399066.9	9399091.9	25	754.6	490.4	620.4	342.4	3.3
	9393033.2		0	7285	25	9399367.2	9399400.6	33.4	575.1	313.7	270.6	538.2	6.8
	9393033.2		0	7285	26	9399717.6	9399776	58.4	281	560.1	218.7	858	7.4
	9393033.2		0	7285	27	9399993	9400026.2	33.2	172.5	894.3	713.4	886.9	8.5
	9393033.2		0	7285	28	9400310	9400318.3	8.3	759.7	884	756.9	751.3	0.2
	9400319.5		0	5271.2	1	9400326.6	9400360	33.4	729.4	590.8	716.7	288.5	6.4
	9400319.5		0	5271.2	2	9400718.7	9400743.7	25	712.5	270.5	1096.8	271.1	6.7
	9400319.5		0	5271.2	3	9400977.3	9400993.9	16.6	1112.1	283.8	1268.8	278.8	1.7
	9400319.5		0	5271.2	4	9401169.2	9401211	41.8	1251.2	252.8	761.3	559.8	11.5
	9400319.5		0	5271.2	5	9401603.1	9401619.7	16.6	773.9	577	780.3	823	3.6
	9400319.5		0	5271.2	6	9401869.9	9401895.1	25.1	790.6	865.5	455.2	831.1	6.1
	9400319.5		0	5271.2	7	9402078.5	9402111.9	33.4	417.6	810.7	400.3	397	6.5
	9400319.5		0	5271.2	8	9402312.2	9402328.8	16.6	385.4	368.6	382.9	217.4	1.8
	9400319.5		0	5271.2	9	9402612.4	9402637.5	25.1	363.5	198.8	646.7	167.1	4.4
	9400319.5		0	5271.2	10	9402821	9402946.2	125.1	694.6	121.8	1201.9	164	13.5
	9400319.5		0	5271.2	11	9403204.7	9403238.1	33.4	1167.8	206.4	1253.3	486.3	5.2
	9400319.5		0	5271.2	12	9403488.4	9403513.4	25	1271.2	481.8	1216	776.8	5
	9400319.5		0	5271.2	13	9403805.4	9403880.5	75.1	1207.3	791.4	522.3	904.6	16
	9400319.5		0	5271.2	14	9404014	9404039	25	582	895.1	234.9	876.9	5.3
	9400319.5		0	5271.2	15	9404347.6	9404372.7	25.1	198	863.8	186.7	656.2	3.1
	9400319.5		0	5271.2	16	9404572.8	9404589.6	16.7	187.7	607.1	73.8	848.3	3
	9400319.5		0	5271.2	17	9404856.6	9404898.2	41.6	72.8	875	125.4	340.9	10.9
	9400319.5		0	5271.2	18	9405015.1	9405023.3	8.2	169.9	286.5	172.2	286.4	0
	9400319.5		0	5271.2	19	9405307	9405323.7	16.6	225.8	273.9	402.7	256.4	3.2
	9400319.5		0	5271.2	20	9405573.9	9405590.7	16.8	418.2	191.4	619.6	259.1	1.4
	9405598.8		0	717.7	1	9405874.3	9405882.7	8.4	642.3	282.5	534.7	388.8	1.4
	9405598.8		0	717.7	2	9406091.1	9406099.5	8.4	475.1	421.7	467.4	420.4	0.1
	9406318.2		0	1199.6	1	9406591.7	9406616.8	25	466.1	396.9	487.3	253.6	2.5
	9406318.2		0	1199.6	2	9406825.4	9406850.4	25	517	222	188.5	434.9	5.7
	9406318.2		0	1199.6	3	9407092.2	9407100.6	8.4	199.1	482.1	138.9	594.2	1.3
	9407519.2		0	5771.5	1	9407684.6	9407726.4	41.8	123.7	634.9	263.5	269.6	8.2
	9407519.2		0	5771.5	2	9407909.8	9407926.5	16.6	323.2	242.3	520.5	238.5	2.8
	9407519.2		0	5771.5	3	9408126.7	9408160.1	33.4	572.5	215.7	992	220.7	8.2
	9407519.2		0	5771.5	4	9408510.5	9408527.2	16.7	1074.3	220	1200.1	354.2	2.5
	9407519.2		0	5771.5	5	9408852.6	9408869.2	16.6	1217.6	399.3	1262.3	573.9	2.4
	9407519.2		0	5771.5	6	9409177.9	9409211.3	33.4	1266.8	653.3	984.3	817.9	5
	9407519.2		0	5771.5	7	9409486.5	9409519.9	33.3	975	857.5	646.8	815.9	6.2
	9407519.2		0	5771.5	8	9409786.9	9409820.3	33.4	604.3	808.7	267.3	813.1	6
	9407519.2		0	5771.5	9	9409995.4	9410003.8	8.4	299.9	808.1	197.6	801.4	1.1
	9407519.2		0	5771.5	10	9410179	9410204	25	123.3	806	134.4	571	3.6
	9407519.2		0	5771.5	11	9410387.5	9410404.3	16.8	155.2	520.1	161.4	321.8	3
	9407519.2		0	5771.5	12	9410637.7	9410654.5	16.8	181.6	278.6	254.5	401.7	1.5
	9407519.2		0	5771.5	13	9410854.8	9410863	8.2	240.7	390.9	319.2	287.8	1.1
	9407519.2		0	5771.5	14	9411096.6	9411105	8.4	364.8	267.7	368.5	268.9	0.1
	9407519.2		0	5771.5	15	9411255.1	9411263.5	8.4	310.7	247.9	249.1	183.1	1.2
	9407519.2		0	5771.5	16	9411563.8	9411613.8	50	237.8	175.2	897.6	187.6	13.8
	9407519.2		0	5771.5	17	9411822.5	9411847.5	25	948.9	143.7	1176.9	142.2	3.9
	9407519.2		0	5771.5	18	9411939.2	9411947.6	8.4	1244.7	148.8	1247.2	150.7	0.1
	9407519.2		0	5771.5	19	9412214.4	9412247.8	33.4	1222.9	161.4	753.6	300.4	9.5
	9407519.2		0	5771.5	20	9412556.6	9412589.9	33.4	751.4	289.9	1250	483.2	10
	9407519.2		0	5771.5	21	9412823.5	9412848.5	25	1239.2	535	1235.7	768.2	3.8
	9407519.2		0	5771.5	22	9413140.5	9413173.9	33.4	1212.6	803.3	712.3	849.4	9.3
	9413294.1		0	2107.3	1	9413390.8	9413424.1	33.4	698.4	854	695	448.2	7.4
	9413294.1		0	2107.3	2	9413607.6	9413616	8.4	695.7	393.1	697	394.5	0.1
	9413294.1		0	2107.3	3	9413757.9	9413774.5	16.7	692.8	391.7	879	383.7	2.3
	9413294.1		0	2107.3	4	9413866.3	9413874.6	8.3	918.9	327.7	921.9	326.5	0
	9413294.1		0	2107.3	5	9414099.9	9414116.5	16.6	927.1	319.5	923.9	218	1.6
	9413294.1		0	2107.3	6	9414341.8	9414350.1	8.3	966.6	222.9	1089.3	229.4	1.2
	9413294.1		0	2107.3	7	9414633.7	9414667.1	33.4	1099.2	285.8	1099	616.6	5.9
	9413294.1		0	2107.3	8	9414867.4	9414884.1	16.7	1104.3	625.2	926.1	623.6	2.4
	9413294.1		0	2107.3	9	9415076	9415084.2	8.3	849.7	601.1	851.3	598.4	0.1
	9415405.4		0	2006.4	1	9415568.1	9415593.2	25.1	833.5	589.5	739.4	392.4	3.5
	9415405.4		0	2006.4	2	9415885.2	9415893.4	8.3	693.7	373.3	694.1	312.2	0.7
	9415405.4		0	2006.4	3	9416043.7	9416077.1	33.4	693.2	228.7	544.4	469	5
	9415405.4		0	2006.4	4	9416310.6	9416327.3	16.7	514.9	487.6	464.7	726.8	2.7
	9415405.4		0	2006.4	5	9416686	9416719.4	33.4	476.7	748.9	833.8	750.5	8.2
	9415405.4		0	2006.4	6	9416936.3	9416994.7	58.4	827.4	768.4	843.7	735.4	6.3
	9415405.4		0	2006.4	7	9417094.8	9417103.2	8.4	872.6	668.1	874.9	665.6	0
	9417413.7		0	1408	1	9417553.6	9417578.6	25	803.4	660.4	750.7	335.3	5
	9417413.7		0	1408	2	9418079.3	9418112.5	33.2	730.6	285	1062.7	509.9	7.8
	9417413.7		0	1408	3	9418312.7	9418329.5	16.8	1076.3	581.6	1066.5	712.4	1.4
	9418822.2		0	3903.6	1	9418980.2	9419021.8	41.6	1020.7	716.8	805.2	400	7
	9418822.2		0	3903.6	2	9419288.8	9419305.4	16.6	764.9	388.1	604.4	531.4	2.3
	9418822.2		0	3903.6	3	9419622.6	9419655.9	33.3	588.3	545.1	639.4	241	5.9
	9418822.2		0	3903.6	4	9419881.2	9419914.6	33.4	677	216.3	1063.1	229.8	7
	9418822.2		0	3903.6	5	9420231.5	9420264.9	33.4	1088.6	263.8	1200.5	436.8	4.6
	9418822.2		0	3903.6	6	9420481.8	9420498.4	16.6	1236	455.1	1221.5	633.5	2.4
	9418822.2		0	3903.6	7	9420765.4	9420773.8	8.4	1208.9	632.8	1098.5	770.6	1.4
	9418822.2		0	3903.6	8	9420990.6	9421015.7	25	1016.6	772.6	756.5	804.1	4.9
	9418822.2		0	3903.6	9	9421190.9	9421207.5	16.6	703.9	824.8	480.9	833.7	2.7
	9418822.2		0	3903.6	10	9421499.5	9421516.2	16.7	437	820.1	257.3	818.3	2.7
	9418822.2		0	3903.6	11	9421641.4	9421649.7	8.4	171	806.2	170.8	804.5	0
	9418822.2		0	3903.6	12	9421891.6	9421916.6	25	149.9	804.5	223.1	542.5	3.7
	9418822.2		0	3903.6	13	9422133.6	9422150.2	16.6	224.8	514	225.3	347.3	2
	9418822.2		0	3903.6	14	9422375.5	9422383.8	8.4	186.9	291.2	184.5	288.8	0.1
	9422733.9		0	876.3	1	9422901.1	9422926.1	25	161.5	279.3	502.9	281.7	6.2
	9422733.9		0	876.3	2	9423092.9	9423109.6	16.6	520.4	262.1	761.8	270.1	2.9
	9422733.9		0	876.3	3	9423209.7	9423218.1	8.4	745.2	284.9	660.5	287.3	0.8
	9422733.9		0	876.3	4	9423334.8	9423343.2	8.4	673.8	297.5	572.5	318.2	0.7
	9422733.9		0	876.3	5	9423426.7	9423434.9	8.3	599	336.2	702.5	330.2	0.6
	9422733.9		0	876.3	6	9423535.1	9423610.2	75.1	625.6	316.2	628.5	311	0.4
	9423613.6		0	4793.4	1	9424035.7	9424052.3	16.6	659.3	316.5	869.7	329.3	2.4
	9423613.6		0	4793.4	2	9424219.2	9424244.2	25	866.8	362.5	1097.6	357.1	3.8
	9423613.6		0	4793.4	3	9424602.9	9424611.3	8.4	1060.9	377.7	1038.2	430.6	0.6
	9423613.6		0	4793.4	4	9424853.1	9424878.3	25.1	1015.4	462.1	1014.4	733.3	4.4
	9423613.6		0	4793.4	5	9425120.1	9425136.9	16.8	1010.6	753.3	774.4	831.8	2.8
	9423613.6		0	4793.4	6	9425295.4	9425320.4	25	732.1	831.2	377.3	803.2	5
	9423613.6		0	4793.4	7	9425620.7	9425645.7	25	351	776.8	355.8	496.3	4.3
	9423613.6		0	4793.4	8	9425912.7	9425929.3	16.6	365.2	451.8	364.2	253.3	2.4
	9423613.6		0	4793.4	9	9426196.3	9426204.6	8.3	345.3	215.4	318.5	204.3	0.3
	9423613.6		0	4793.4	10	9426313.1	9426329.8	16.7	362.9	168.6	586.7	174.6	2.8
	9423613.6		0	4793.4	11	9426563.3	9426605.1	41.7	637.9	204.7	1242.2	165.3	12.7
	9423613.6		0	4793.4	12	9426955.4	9426997.2	41.7	1230.4	193.4	1224.3	708.2	11
	9423613.6		0	4793.4	13	9427264.2	9427280.8	16.6	1232.7	787.7	1050.1	882	2.9
	9423613.6		0	4793.4	14	9427481.1	9427489.4	8.3	1025	854.2	1020.7	829.3	0.5
	9423613.6		0	4793.4	15	9427614.6	9427656.5	42	935.6	827.5	248.7	817.1	15.7
	9423613.6		0	4793.4	16	9427814.8	9427873.2	58.4	190.6	816.8	1268.9	858.5	23.1
	9423613.6		0	4793.4	17	9428256.9	9428265.3	8.4	1248.6	898.7	1249.4	902.7	0.1
	9428414.2		0	3021.1	1	9428548.9	9428607.3	58.4	1259.8	880.3	879	377.8	15.4
	9428414.2		0	3021.1	2	9428824.2	9428840.9	16.8	883.7	357.1	1030	379.7	1.6
	9428414.2		0	3021.1	3	9429032.8	9429041	8.3	1033.3	377.4	1053.3	285.7	1
	9428414.2		0	3021.1	4	9429216.3	9429249.6	33.4	1074.9	236.5	1375.7	228.7	5.2
	9428414.2		0	3021.1	5	9429491.6	9429550	58.4	1300.5	236.3	1192.8	667.2	8.9
	9428414.2		0	3021.1	6	9429842	9429867	25	1200	704.8	948.9	685.4	4.3
	9428414.2		0	3021.1	7	9430000.5	9430008.7	8.3	925.4	675.4	861.6	674.8	0.5
	9428414.2		0	3021.1	8	9430159	9430184	25	869	658.4	1205.1	884.6	6.7
	9428414.2		0	3021.1	9	9430467.6	9430500.9	33.4	1187.2	900.7	677.4	889.1	10
	9428414.2		0	3021.1	10	9430626.1	9430634.5	8.4	626.5	863.8	628.6	850.1	0
	9428414.2		0	3021.1	11	9430717.8	9430859.7	141.9	623.9	856	249.3	639.6	16.3
	9428414.2		0	3021.1	12	9430976.4	9431009.8	33.4	268.8	567.4	272.5	582.3	3.6
	9428414.2		0	3021.1	13	9431176.7	9431185	8.4	330	623	333.3	622.9	0.1
	9431436.5		0	958.1	1	9431602.1	9431635.5	33.4	345.6	614.6	483.2	418.6	4.3
	9431436.5		0	958.1	2	9431910.8	9431927.5	16.7	488.1	356.8	286.5	370.5	2.7
	9431436.5		0	958.1	3	9432127.7	9432136	8.3	209.3	386	206.3	386.6	0.1
	9432397.6		0	2333	1	9432561.5	9432594.9	33.4	222.2	378.8	531.4	355.7	5.8
	9432397.6		0	2333	2	9432811.9	9432836.9	25	495.3	302.7	791.5	328.1	4.3
	9432397.6		0	2333	3	9433037.1	9433053.7	16.6	841.2	361.9	996.9	250.4	2.6
	9432397.6		0	2333	4	9433362.4	9433387.5	25.1	1057.1	215.3	1207.5	490.6	5.7
	9432397.6		0	2333	5	9433704.5	9433729.5	25	1210.7	546.1	1049.5	805.3	4.3
	9432397.6		0	2333	6	9434013.1	9434038.1	25	1038.9	833.2	604.2	828.2	6.4
	9432397.6		0	2333	7	9434255.1	9434280.1	25	583.2	792.6	1015.1	776.1	6.5
	9432397.6		0	2333	8	9434396.8	9434405.2	8.3	1063.5	766.6	1146.8	765	0.5
	9434732.9		0	2417	1	9434889	9434930.8	41.7	1113.8	749.3	876.9	417.6	7.6
	9434732.9		0	2417	2	9435197.8	9435247.8	50	848.7	402	1153	261.3	8.2
	9434732.9		0	2417	3	9435539.8	9435581.5	41.8	1170.2	245.3	642.3	468.1	11
	9434732.9		0	2417	4	9435906.9	9435923.5	16.6	651.7	467.7	807.9	434.9	2.2
	9434732.9		0	2417	5	9436207.2	9436240.5	33.3	836.7	391.4	1176.4	193	8
	9434732.9		0	2417	6	9436432.4	9436440.8	8.4	1195.8	204.6	1252.4	204.9	0.6
	9434732.9		0	2417	7	9436933	9436991.4	58.4	1249.9	179.4	1281.7	156.1	1.4
	9434732.9		0	2417	8	9437099.8	9437149.8	50	1304.2	105.4	1305.8	95	0.6
	9437157.7		0	3045.4	1	9437450.2	9437475.2	25	1322.7	102.1	1112.5	113	4.1
	9437157.7		0	3045.4	2	9437650.3	9437683.7	33.4	1089.9	145.8	1265	465.7	7
	9437157.7		0	3045.4	3	9437908.9	9437934.1	25.1	1263.6	509.4	1228.6	789.7	3.9
	9437157.7		0	3045.4	4	9438309.4	9438351.2	41.8	1229	806.2	804.6	790.6	8
	9437157.7		0	3045.4	5	9438601.4	9438618	16.6	822.5	781.5	542.7	788.7	3.6
	9437157.7		0	3045.4	6	9438951.8	9438976.8	25	496.4	753.8	198.2	782.5	4.3
	9437157.7		0	3045.4	7	9439260.5	9439285.5	25	177.1	782.3	217.7	546.6	4.4
	9437157.7		0	3045.4	8	9439385.7	9439393.9	8.2	233.9	469.6	230.9	467.7	0.1
	9437157.7		0	3045.4	9	9439527.4	9439544.1	16.8	242.6	461.1	454.8	464.3	2.6
	9437157.7		0	3045.4	10	9439744.3	9439752.6	8.4	491.7	456.4	493.1	370.1	0.8
	9440205.1		0	874	1	9440486.7	9440495.1	8.4	572.1	326.8	687.6	333.8	1.4
	9440205.1		0	874	2	9440712	9440720.3	8.4	718.8	351.9	631	357.5	0.7
	9441086.9		0	2520	1	9441371.1	9441396.1	25	638.6	354.3	660.3	191	2.7
	9441086.9		0	2520	2	9441596.3	9441613.1	16.8	689.6	145	814	153.8	1.7
	9441086.9		0	2520	3	9441738.2	9441763.2	25	866.1	189.1	1211	192.5	5.8
	9441086.9		0	2520	4	9441938.3	9441948	9.7	1193.8	248.7	1191	249.8	0.1
	9441086.9		0	2520	5	9442121.9	9442138.6	16.6	1221.2	271.9	1233.1	468	3.3
	9441086.9		0	2520	6	9442488.9	9442514	25.1	1249.3	500.4	1223.1	742.2	4.1
	9441086.9		0	2520	7	9442914.4	9442939.4	25	1188.5	756.7	928.4	795.3	4
	9441086.9		0	2520	8	9443089.7	9443114.6	25	899.5	837.6	551	845	5.4
	9441086.9		0	2520	9	9443298.1	9443306.5	8.4	487.6	817.5	467.4	849.6	0.2
	9443612.8		0	3739.7	1	9443773.6	9443807	33.4	448.9	841.4	529.9	493	6.7
	9443612.8		0	3739.7	2	9444057.4	9444074	16.6	560.2	479.4	714.7	374.2	2.5
	9443612.8		0	3739.7	3	9444157.5	9444165.7	8.2	773.4	337.8	770.2	333.6	0.1
	9443612.8		0	3739.7	4	9444307.6	9444317.1	9.4	823	298.3	879.7	207.3	1.4
	9443612.8		0	3739.7	5	9444507.9	9444524.5	16.6	923.5	168.9	1108.9	166.7	3.2
	9443612.8		0	3739.7	6	9444900	9444916.6	16.6	1159.1	174.2	1161.9	358.9	2.9
	9443612.8		0	3739.7	7	9445241.9	9445250.3	8.4	1200.1	377.1	1227.8	287	0.9
	9443612.8		0	3739.7	8	9445558.9	9445575.7	16.8	1257.7	234.6	1242.8	214.9	0.3
	9443612.8		0	3739.7	9	9445659.1	9445675.7	16.6	1263.6	230.8	1266.2	391.8	2.8
	9443612.8		0	3739.7	10	9445942.7	9445967.7	25	1278.4	462	1214.9	748.4	4
	9443612.8		0	3739.7	11	9446167.9	9446184.7	16.8	1192.4	757.8	1000.6	759.7	2.9
	9443612.8		0	3739.7	12	9446309.8	9446401.5	91.7	995.7	782.1	654.6	749.5	11.8
	9443612.8		0	3739.7	13	9446668.5	9446693.5	25	596.3	748.3	497.5	673.1	2.1
	9443612.8		0	3739.7	14	9446852.1	9446868.7	16.6	475.9	665.3	247.8	665.4	3.7
	9443612.8		0	3739.7	15	9447035.5	9447052.3	16.7	173.7	680.6	173.3	623.8	0.9
	9447357.2		0	2014.2	1	9447511.1	9447544.5	33.4	187.1	610.9	373.2	365.4	5.2
	9447357.2		0	2014.2	2	9447778	9447786.4	8.4	424.2	326.3	535	328.2	1.1
	9447357.2		0	2014.2	3	9448153.5	9448178.5	25	541.1	340	819.3	203	5.3
	9447357.2		0	2014.2	4	9448378.7	9448412.1	33.4	821.7	176.4	1146	175.7	6
	9447357.2		0	2014.2	5	9448804.1	9448820.8	16.8	1140.2	188.3	1312.3	199.6	2.4
	9449372.1		0	1342.4	1	9449563.3	9449579.9	16.6	1321.7	237.1	1142	229.9	2.3
	9449372.1		0	1342.4	2	9449830.3	9449846.9	16.6	1107.1	185.9	1034.5	378.1	2.4
	9449372.1		0	1342.4	3	9450088.9	9450105.5	16.6	1014.5	435	888	481.2	1.9
	9449372.1		0	1342.4	4	9450280.8	9450289	8.2	903.8	498.2	1019	535.9	1.1
	9450717.1		0	2441.8	1	9450914.7	9450931.4	16.6	1038.8	558.6	948.5	477	1.6
	9450717.1		0	2441.8	2	9451173.4	9451206.7	33.4	931.6	478	929.8	791.7	5.7
	9450717.1		0	2441.8	3	9451582.1	9451623.9	41.8	962.4	816	403.1	701.8	11.4
	9450717.1		0	2441.8	4	9451967.8	9451982.6	14.8	396.6	711.3	205.2	749.9	2.2
	9450717.1		0	2441.8	5	9452157.7	9452249.6	91.9	186	785.9	210.5	539.6	6
	9450717.1		0	2441.8	6	9452641.6	9452658.3	16.8	232.3	523.6	451.8	524.9	2.5
	9450717.1		0	2441.8	7	9452925.3	9452933.6	8.3	442.3	447.6	441.8	442.7	0.1
	9453164.6		0	2989.2	1	9453384	9453400.8	16.7	440.2	461	511.6	410	1.6
	9453164.6		0	2989.2	2	9453701.2	9453709.4	8.2	681.9	373	592	210.6	4.8
	9453164.6		0	2989.2	3	9454076.5	9454101.5	25	619.9	215.3	1016.9	213.9	7.5
	9453164.6		0	2989.2	4	9454410.3	9454435.3	25	1055.7	194.9	1270.9	186.9	3.4
	9453164.6		0	2989.2	5	9454760.6	9454777.3	16.7	1238.1	201.2	1139.1	376.9	2.9
	9453164.6		0	2989.2	6	9455019.3	9455027.5	8.3	1115.1	339	1112.1	337.7	0.1
	9453164.6		0	2989.2	7	9455136	9455161	25	1105.6	353.6	1221	698.3	5.6
	9453164.6		0	2989.2	8	9455428	9455453	25	1237.3	758.6	944.9	767.1	4.2
	9453164.6		0	2989.2	9	9455603.2	9455628.2	25	916	759.5	573.4	805.2	4.9
	9453164.6		0	2989.2	10	9455805.2	9455820.1	14.9	598.9	804.1	922.7	793.8	3.2
	9453164.6		0	2989.2	11	9455961.8	9455970.2	8.4	945.3	764.9	994.3	754.8	0.4
	9456156.6		0	23922.1	1	9456304	9456337.3	33.4	961.8	737.7	833.9	357.1	6.3
	9456156.6		0	23922.1	2	9456654.3	9456679.3	25	815.8	361.3	1008.2	234	3.5
	9456156.6		0	23922.1	3	9456879.6	9456887.9	8.4	1069	195.8	1065.5	194.6	0
	9456156.6		0	23922.1	4	9457046.4	9457054.8	8.4	1114	208.4	1112.2	212.6	0.1
	9456156.6		0	23922.1	5	9457196.5	9457213.3	16.8	1147.3	212.6	1324.5	318.4	3.3
	9456156.6		0	23922.1	6	9457555.3	9457597	41.7	1307.7	355.2	1154.2	796.9	9.1
	9456156.6		0	23922.1	7	9458014.1	9458022.5	8.4	1087.5	787.3	1006.6	773.7	1.1
	9456156.6		0	23922.1	8	9458139.3	9458155.9	16.6	936.8	764.1	671.3	800.3	4.1
	9456156.6		0	23922.1	9	9458331.1	9458364.5	33.4	642.3	827.3	317.1	810.5	6.6
	9456156.6		0	23922.1	10	9458598.1	9458614.7	16.6	316.4	783	318	582.4	2.7
	9456156.6		0	23922.1	11	9459023.5	9459040.3	16.8	317.6	510.6	160.5	701.4	3.5
	9456156.6		0	23922.1	12	9459357.3	9459415.6	58.4	161.3	728.1	173.6	365.3	10.1
	9456156.6		0	23922.1	13	9459707.6	9459715.9	8.4	207.8	314.9	217.5	244.5	0.9
	9456156.6		0	23922.1	14	9459824.5	9459832.7	8.2	250.2	178.2	253.2	178.4	0
	9456156.6		0	23922.1	15	9460074.7	9460108.1	33.4	271.5	188.4	645.3	342.7	7.6
	9456156.6		0	23922.1	16	9460383.7	9460408.3	24.6	630.2	324	508.2	176.3	3.2
	9456156.6		0	23922.1	17	9460725.4	9460733.7	8.3	499.3	188.1	475	138.8	0.6
	9456156.6		0	23922.1	18	9461034.1	9461059	25	446.5	88.6	708.5	282.1	4.9
	9456156.6		0	23922.1	19	9461309.4	9461317.6	8.2	739.9	346.6	737.5	349.2	0.1
	9456156.6		0	23922.1	20	9461417.8	9461434.5	16.8	741.4	360.6	884	288.7	2
	9456156.6		0	23922.1	21	9461726.5	9461734.9	8.4	909	284	942.8	244.5	0.6
	9456156.6		0	23922.1	22	9461910	9461926.7	16.7	952.3	222.9	970.2	403.6	2.7
	9456156.6		0	23922.1	23	9462227	9462318.7	91.8	1005.4	415	950.1	121	6.7
	9456156.6		0	23922.1	24	9462411.8	9462418.9	7.1	1019.2	130.3	1041.1	129.3	0.2
	9456156.6		0	23922.1	25	9462644.1	9462660.8	16.7	1063.2	127.9	1297.3	136.4	2.7
	9456156.6		0	23922.1	26	9462869.4	9462877.7	8.4	1285.2	196.6	1265.6	201.6	0.2
	9456156.6		0	23922.1	27	9463069.6	9463103	33.4	1245.6	227.5	1290.4	610.6	7.6
	9456156.6		0	23922.1	28	9463353.2	9463361.6	8.4	1321.1	663.7	1317.9	666.2	0.1
	9456156.6		0	23922.1	29	9463453.3	9463478.3	25	1303.9	640.3	1306.7	483.7	2.6
	9456156.6		0	23922.1	30	9463586.8	9463595.2	8.4	1356.8	435.1	1358.3	433.4	0.1
	9456156.6		0	23922.1	31	9463770.3	9463795.3	25	1316.7	436.7	999.4	435.3	5.3
	9456156.6		0	23922.1	32	9464104.1	9464120.7	16.6	917.7	435.8	744.7	407.5	2.3
	9456156.6		0	23922.1	33	9464362.7	9464379.3	16.6	694	389	540.9	512.2	2.9
	9456156.6		0	23922.1	34	9464763	9464788.2	25.2	508.9	575.1	225.7	673.3	4.8
	9456156.6		0	23922.1	35	9464896.5	9464904.9	8.4	179.3	713.6	178.8	715.8	0.1
	9456156.6		0	23922.1	36	9465021.7	9465030	8.4	172.7	742	135.2	800.3	0.6
	9456156.6		0	23922.1	37	9465221.9	9465230.3	8.4	151	811.2	258.2	885.5	1
	9456156.6		0	23922.1	38	9465422.1	9465455.5	33.4	241.8	897	709.7	893.3	7.5
	9456156.6		0	23922.1	39	9465739.1	9465764.1	25	770.1	859	1143.3	850.9	5.4
	9456156.6		0	23922.1	40	9466106.2	9466114.5	8.2	1201.1	843.6	1295.2	793.9	1.2
	9456156.6		0	23922.1	41	9466373.1	9466398.2	25.1	1314.2	738.2	1035.7	652.9	4.2
	9456156.6		0	23922.1	42	9466740.2	9466757	16.7	1017.8	610.4	885.6	586	1.7
	9456156.6		0	23922.1	43	9466898.7	9466915.5	16.8	881.3	523.1	807.9	475.3	1.4
	9456156.6		0	23922.1	44	9467149	9467249.1	100.1	814.9	389.6	523.1	379.9	7.4
	9456156.6		0	23922.1	45	9467391	9467432.7	41.8	513.5	343.5	220.3	166.7	7
	9456156.6		0	23922.1	46	9467808.2	9467816.5	8.3	236.5	202	174.4	191.3	0.6
	9456156.6		0	23922.1	47	9468066.7	9468091.7	25	195.7	172.3	496.6	182.1	4.3
	9456156.6		0	23922.1	48	9468458.8	9468492.2	33.3	517.6	144	776.1	134.2	4.3
	9456156.6		0	23922.1	49	9468842.5	9468859.1	16.6	781.5	109.3	989.9	119.3	2.3
	9456156.6		0	23922.1	50	9469217.9	9469242.9	25	967.7	147.5	1162.1	156.8	3.5
	9456156.6		0	23922.1	51	9469451.5	9469493.2	41.8	1191.2	220.7	1308.9	160.5	3.8
	9456156.6		0	23922.1	52	9469643.4	9469651.8	8.5	1334.1	179.3	1343.2	185.6	0.1
	9456156.6		0	23922.1	53	9469910.4	9469943.7	33.4	1359.5	192.7	1167.4	244.7	4.2
	9456156.6		0	23922.1	54	9470302.5	9470335.9	33.4	1167.4	295.3	916.3	293.7	4.6
	9456156.6		0	23922.1	55	9470753.2	9470761.2	8	910.6	273.4	999.7	275.5	0.7
	9456156.6		0	23922.1	56	9471003.3	9471019.9	16.6	1023.5	295.2	1149	473.8	2.8
	9456156.6		0	23922.1	57	9471236.8	9471245.1	8.3	1158.3	550.8	1218.7	545.4	0.7
	9456156.6		0	23922.1	58	9471570.4	9471587.2	16.8	1256.4	528.5	1326.4	665.9	1.8
	9456156.6		0	23922.1	59	9471779.1	9471787.4	8.3	1322.5	720.5	1322.5	723.6	0
	9456156.6		0	23922.1	60	9471929.2	9471937.5	8.4	1293.6	721.7	1207.1	854.2	1.3
	9456156.6		0	23922.1	61	9472162.8	9472196.1	33.4	1184.9	837.3	925.1	588.3	7.1
	9456156.6		0	23922.1	62	9472404.6	9472413	8.4	911.2	531.3	909.2	431.7	0.8
	9456156.6		0	23922.1	63	9472613.3	9472621.6	8.4	850.7	398.4	742.3	391.9	1.1
	9456156.6		0	23922.1	64	9472855.1	9472871.9	16.8	715.8	369	509.6	373.4	2.8
	9456156.6		0	23922.1	65	9473080.4	9473088.8	8.4	427.2	361.7	428.4	360.4	0.1
	9456156.6		0	23922.1	66	9473405.8	9473422.5	16.8	383.7	390.1	189.8	491.7	2.9
	9456156.6		0	23922.1	67	9473806.3	9473831.3	25	136.2	501.8	181.9	784.6	4
	9456156.6		0	23922.1	68	9474148.2	9474165	16.8	171.6	819.8	92.6	821	0.7
	9456156.6		0	23922.1	69	9474340.1	9474348.5	8.3	129.9	826.2	227.9	865.9	0.9
	9456156.6		0	23922.1	70	9474498.6	9474515.3	16.8	230.6	898.6	86	764.1	3.1
	9456156.6		0	23922.1	71	9474874.1	9474924.1	50	125.6	727.4	722.1	808	12.1
	9456156.6		0	23922.1	72	9475349.6	9475391.3	41.7	716.9	784.6	1226.9	871.7	9.6
	9456156.6		0	23922.1	73	9475716.7	9475724.9	8.2	1193.8	858.7	1193.6	798.8	0.6
	9456156.6		0	23922.1	74	9475941.9	9475975.3	33.4	1194.5	784	1139.4	558.3	5.1
	9456156.6		0	23922.1	75	9476142	9476208.8	66.7	1115	498.6	1117.2	491	7.2
	9456156.6		0	23922.1	76	9476292.3	9476400.6	108.4	1105.7	432.5	910.1	306.1	6.9
	9456156.6		0	23922.1	77	9476684.4	9476692.6	8.2	853.8	283.1	797.3	257.4	0.7
	9456156.6		0	23922.1	78	9477001.4	9477009.8	8.4	804.3	212.2	869.8	214.3	0.5
	9456156.6		0	23922.1	79	9477168.2	9477193.2	25	883.3	205.8	1115	200.9	3.9
	9456156.6		0	23922.1	80	9477501.9	9477518.6	16.8	1103.3	206.9	935.2	268.4	2.1
	9456156.6		0	23922.1	81	9477743.8	9477752.2	8.4	913	288.3	855.9	293.6	0.4
	9456156.6		0	23922.1	82	9477927.3	9477994.1	66.8	842.7	304.3	594.6	198.4	7.1
	9456156.6		0	23922.1	83	9478177.6	9478186	8.4	586	147.2	566.3	158.6	0.2
	9456156.6		0	23922.1	84	9478511.3	9478536.3	25	201.1	434.6	349.6	377.4	4.6
	9456156.6		0	23922.1	85	9478786.6	9478803.3	16.8	378.9	373.4	379.1	305.5	1
	9456156.6		0	23922.1	86	9478928.4	9479170.4	242	375.1	303.7	151.9	261.4	47.9
	9480083.7		0	2803.6	1	9481394.1	9481410.7	16.6	1226.6	353	1231.1	389.3	1.1
	9480083.7		0	2803.6	2	9481510.8	9481519.2	8.4	1229	483.7	1229	485.6	0
	9480083.7		0	2803.6	3	9481677.7	9481686.2	8.4	1225	501.3	1175.7	597.4	1
	9480083.7		0	2803.6	4	9481786.1	9481794.5	8.4	1138.5	652.4	1139.9	654.9	0.1
	9480083.7		0	2803.6	5	9481994.7	9482011.3	16.6	1139.3	653.4	965.2	752	2.4
	9480083.7		0	2803.6	6	9482186.6	9482219.9	33.4	927	745	628.8	687.9	6
	9480083.7		0	2803.6	7	9482478.6	9482486.9	8.3	594.3	700	640.8	747.8	0.7
	9482893.8		0	3981.3	1	9483054.2	9483079.2	24.9	657.1	719.2	663.8	410.1	6.5
	9482893.8		0	3981.3	2	9483354.5	9483379.5	25	685.5	363.7	936.2	317.3	3.6
	9482893.8		0	3981.3	3	9483579.8	9483604.8	25	952.9	318.2	1203.1	268.1	3.6
	9482893.8		0	3981.3	4	9483896.8	9483921.8	25	1224.6	247	1313.2	468.2	4.1
	9482893.8		0	3981.3	5	9484263.9	9484272.1	8.2	1280	524.2	1187.4	597.5	1.1
	9482893.8		0	3981.3	6	9484514.1	9484530.8	16.6	1155.3	616.9	1032.2	746.5	2
	9482893.8		0	3981.3	7	9484747.8	9484772.7	24.9	1041.9	754.4	673.9	762	5.5
	9482893.8		0	3981.3	8	9485073	9485123.1	50.1	614.4	745.2	430.6	817.6	4
	9482893.8		0	3981.3	9	9485290	9485306.6	16.6	405	810.4	223.2	809	2.4
	9482893.8		0	3981.3	10	9485556.8	9485573.6	16.7	193.2	802.1	279.9	585.9	3.2
	9482893.8		0	3981.3	11	9485815.5	9485823.9	8.4	298.3	525.9	299.9	473.8	0.5
	9482893.8		0	3981.3	12	9485999.1	9486015.7	16.6	310.8	447.3	301.4	286.5	1.9
	9482893.8		0	3981.3	13	9486207.5	9486224.3	16.8	261.2	269.9	259.7	139.3	1.8
	9482893.8		0	3981.3	14	9486457.9	9486474.5	16.6	233.7	135.9	368.4	136.6	2.4
	9486876.8		0	3510.4	1	9487100.3	9487108.5	8.2	435.7	118	513	144.4	0.8
	9486876.8		0	3510.4	2	9487283.8	9487300.4	16.6	561.7	183.7	719.2	258.8	2.2
	9486876.8		0	3510.4	3	9487575.8	9487600.8	25	718.5	293.2	498.3	190.2	3.8
	9486876.8		0	3510.4	4	9487859.4	9487892.8	33.4	473.5	172.6	923.1	179.6	8.9
	9486876.8		0	3510.4	5	9488184.8	9488209.7	25	965.4	173.2	1250.4	174.4	4.5
	9486876.8		0	3510.4	6	9488518.5	9488535.1	16.6	1205.1	221.6	1193.5	343.4	1.8
	9486876.8		0	3510.4	7	9488810.4	9488852.1	41.7	1195.9	392.1	1151.2	715.8	6.2
	9486876.8		0	3510.4	8	9489311	9489327.7	16.7	1107.8	743.6	908.2	725.1	2.6
	9486876.8		0	3510.4	9	9489436.1	9489519.6	83.5	856.2	680.4	676	757.7	5.2
	9486876.8		0	3510.4	10	9489728.1	9489761.4	33.3	641.1	809.7	294.6	761.3	6.2
	9486876.8		0	3510.4	11	9490020.1	9490036.8	16.7	315.5	756.7	516.6	756.2	2.4
	9490394.8		0	709.8	1	9490579	9490604	25	531.2	686	539.3	405.2	3.7
	9490394.8		0	709.8	2	9490754.2	9490762.5	8.3	580.9	459.5	630.4	555.4	1.2
	9490394.8		0	709.8	3	9490896	9490904.4	8.4	641	615.7	642	625.5	0.2
	9491106.5		0	2734.5	1	9491238	9491271.4	33.3	643	662.6	650.1	271.3	7.6
	9491106.5		0	2734.5	2	9491513.4	9491546.7	33.4	678.7	225.6	1066.5	219.7	6.7
	9491106.5		0	2734.5	3	9491772	9491780.2	8.2	1020.9	199.4	951	199.3	0.7
	9491106.5		0	2734.5	4	9491922.1	9491947.1	25	927.1	207.3	1282	259	6.3
	9491106.5		0	2734.5	5	9492030.6	9492038.9	8.3	1311.7	312.9	1313.8	315.5	0.1
	9491106.5		0	2734.5	6	9492264.2	9492289.3	25.1	1306.6	327.2	1175.6	610.4	4.5
	9491106.5		0	2734.5	7	9492456	9492464.3	8.3	1216.7	667.9	1217	669.4	0
	9491106.5		0	2734.5	8	9492631.2	9492664.6	33.4	1202.4	672.9	913.5	735.9	4.8
	9491106.5		0	2734.5	9	9492831.5	9492856.5	25	886.8	752.6	588.6	763.8	4.1
	9491106.5		0	2734.5	10	9493014.9	9493040	25	551	779.7	269	783.2	5.3
	9491106.5		0	2734.5	11	9493223.6	9493265.2	41.6	260.7	818.5	220.5	375.9	9
	9491106.5		0	2734.5	12	9493473.8	9493507.2	33.4	206.2	344.3	281.7	197.1	3.8
	9493843.4		0	2017.4	1	9494041	9494066.2	25.1	255	157.2	594.9	253.9	5.8
	9493843.4		0	2017.4	2	9494241.3	9494249.6	8.3	659.4	258	773.6	259.7	1.3
	9493843.4		0	2017.4	3	9494491.5	9494500	8.5	809.7	219.4	810.4	209.3	0.2
	9493843.4		0	2017.4	4	9494658.4	9494683.4	25	831.7	203.6	1178.9	204.6	5.8
	9493843.4		0	2017.4	5	9495159	9495175.6	16.6	1205.2	275.5	1251.6	459.9	3.1
	9493843.4		0	2017.4	6	9495442.6	9495501	58.4	1267.5	536.3	1188.3	570	1.8
	9495867.7		0	2544.8	1	9496026.6	9496068.2	41.6	1170.3	584.5	971.8	239	8.3
	9495867.7		0	2544.8	2	9496360.2	9496377	16.8	947.6	208.7	1218.7	206.8	3.1
	9495867.7		0	2544.8	3	9496702.3	9496727.3	25	1236.7	225.5	1206.9	510.2	5.5
	9495867.7		0	2544.8	4	9496986	9496994.3	8.4	1198.6	592.2	1118	701.6	1.2
	9495867.7		0	2544.8	5	9497261.2	9497327.9	66.7	1070.5	722.7	766.5	701	6.7
	9495867.7		0	2544.8	6	9497519.8	9497553.2	33.4	708.9	673.1	259.1	733.3	8.6
	9495867.7		0	2544.8	7	9497861.9	9497886.9	25	235.6	767.5	239	470.9	5.4
	9495867.7		0	2544.8	8	9498370.8	9498412.5	41.8	203.9	410.6	201.9	407.8	0.1
	9498419.3		0	2212.3	1	9498637.7	9498646	8.3	202	393.7	306.9	390.4	0.8
	9498419.3		0	2212.3	2	9498804.6	9498829.6	25	318.4	335	643.2	322.2	5.9
	9498419.3		0	2212.3	3	9499146.6	9499171.6	25	673.8	275.9	926.5	264.6	3.9
	9498419.3		0	2212.3	4	9499480.4	9499497	16.6	955.7	214.6	1150.4	210.5	2.6
	9498419.3		0	2212.3	5	9499638.9	9499647.1	8.2	1218.2	215.6	1218.4	218	0.1
	9498419.3		0	2212.3	6	9499905.7	9499930.8	25.1	1205.4	275.5	1193.9	568.5	5.6
	9498419.3		0	2212.3	7	9500214.5	9500222.8	8.4	1190.5	597	1140.6	694.7	0.9
	9498419.3		0	2212.3	8	9500339.6	9500347.9	8.4	1071.2	708	1032.1	705.5	0.6
	9498419.3		0	2212.3	9	9500523.1	9500531.5	8.4	982.9	671.1	967.9	673.9	0.2
	9500634.5		0	1181.6	1	9500790.1	9500815.1	25	958	664.1	868.6	358.2	4.6
	9500634.5		0	1181.6	2	9501065.3	9501090.4	25.1	843.2	323.9	1015.9	544.2	4.6
	9500634.5		0	1181.6	3	9501307.3	9501315.7	8.4	1020.1	569.5	1023	630.8	0.4
	9501819.8		0	3725.4	1	9501949.6	9501983	33.4	1042.4	657.3	906.3	306	6.4
	9501819.8		0	3725.4	2	9502275	9502341.8	66.7	897.4	233.2	1129.9	393.3	6.7
	9501819.8		0	3725.4	3	9502592	9502625.4	33.4	1162.3	427.8	1288.9	242.9	4.6
	9501819.8		0	3725.4	4	9502717.1	9502725.5	8.4	1281.1	182.2	1273	180	0.2
	9501819.8		0	3725.4	5	9502900.6	9502934	33.4	1269.1	191.8	1154.1	641.4	9
	9501819.8		0	3725.4	6	9503217.7	9503242.7	25	1126.6	666	943.2	646.2	2.9
	9501819.8		0	3725.4	7	9503493	9503509.7	16.8	970.2	617.5	765.1	784.5	3.8
	9501819.8		0	3725.4	8	9503718.2	9503793.4	75.2	724.3	834.8	395.9	677.2	11.1
	9501819.8		0	3725.4	9	9503893.5	9503960.2	66.7	394.4	691.2	394	691	6.7
	9501819.8		0	3725.4	10	9504052	9504077	25	369.7	685.9	98.6	687.6	4.2
	9501819.8		0	3725.4	11	9504352.2	9504377.3	25.1	153.3	698.1	201.3	381.6	4.5
	9501819.8		0	3725.4	12	9504694.3	9504702.7	8.4	223.2	327.2	223.1	315.7	0.2
	9501819.8		0	3725.4	13	9504944.6	9504952.9	8.4	176.1	280	164.8	278.9	0.1
	9501819.8		0	3725.4	14	9505153.2	9505169.8	16.6	153.5	261	407.1	271.2	2.8
	9505547.2		0	1366.2	1	9505862.3	9505895.6	33.4	431.9	240.5	796.8	192.6	7.1
	9505547.2		0	1366.2	2	9506179.3	9506204.3	25	806.2	161.6	1170.6	163	6.3
	9505547.2		0	1366.2	3	9506512.9	9506521.2	8.4	1207.9	210.2	1310.1	234.5	0.7
	9505547.2		0	1366.2	4	9506679.8	9506688.1	8.3	1276.3	295.9	1274.3	301.5	0.1
	9506917.1		0	2140.3	1	9507163.6	9507172	8.3	1268	279	1261.4	230.9	0.7
	9506917.1		0	2140.3	2	9507455.6	9507480.6	25	1262.5	199.7	1027.7	214.4	3.2
	9506917.1		0	2140.3	3	9507747.6	9507781	33.4	1034.3	279.9	1063.6	611.2	6.1
	9506917.1		0	2140.3	4	9508039.6	9508047.9	8.4	1089.1	659.5	963.2	791.1	1.4
	9506917.1		0	2140.3	5	9508331.5	9508364.9	33.4	907	822.4	389.6	792.6	9.8
	9506917.1		0	2140.3	6	9508515	9508523.5	8.4	346.7	780.1	204.1	775.8	1.5
	9506917.1		0	2140.3	7	9508673.5	9508723.7	50.1	185.6	810.8	434.4	739.8	5.5
	9506917.1		0	2140.3	8	9508840.5	9508848.8	8.3	478.9	684.9	476.9	683.7	0
	9506917.1		0	2140.3	9	9508932.2	9508940.6	8.4	538.5	684.9	543.9	690	0.1
	9509058.8		0	891.2	1	9509224.2	9509249.3	25.1	543.5	674.2	575.7	359.1	4.7
	9509058.8		0	891.2	2	9509482.8	9509516.1	33.4	587.2	327.8	380.3	667.6	6.6
	9509058.8		0	891.2	3	9509691.4	9509699.7	8.4	344.1	658.2	329.4	719.8	0.6
	9509954.1		0	1797.8	1	9510091.7	9510125.1	33.4	361.9	745.4	495.1	370.2	8.1
	9509954.1		0	1797.8	2	9510417.1	9510425.5	8.4	516.7	326	575.5	216.8	1
	9509954.1		0	1797.8	3	9510617.4	9510634.1	16.7	597	191.3	801.2	215.5	2.6
	9509954.1		0	1797.8	4	9510884.3	9511001.1	116.8	783.2	204.3	1233.1	201.4	10.9
	9509954.1		0	1797.8	5	9511268.1	9511293.1	25	1184.3	220.9	1120.6	350.6	2.8
	9511754.5		0	2408.4	1	9511993.8	9512018.9	25.1	1094.8	426.1	891.5	207.1	4.6
	9511754.5		0	2408.4	2	9512102.3	9512110.7	8.4	816.5	189.3	815.9	184.7	0.1
	9511754.5		0	2408.4	3	9512210.8	9512219	8.2	843.5	119	847.3	114.1	0.2
	9511754.5		0	2408.4	4	9512369.3	9512444.3	75	835.4	132.6	1126	153.7	7.5
	9511754.5		0	2408.4	5	9512753	9512794.8	41.8	1166.1	184.9	1236.9	490.4	6.5
	9511754.5		0	2408.4	6	9512961.6	9512978.3	16.7	1239.7	503.3	1216.1	691.6	2.2
	9511754.5		0	2408.4	7	9513211.9	9513228.5	16.6	1159.6	701.3	929.1	803.4	3.1
	9511754.5		0	2408.4	8	9513487.2	9513528.9	41.8	870.8	799	295	804	11.8
	9511754.5		0	2408.4	9	9513971	9513979.4	8.4	321.3	829.6	319	833.7	0.1
	9514171.1		0	2077.3	1	9514313	9514354.7	41.7	329	837.1	499.6	356.2	9
	9514171.1		0	2077.3	2	9514546.6	9514563.4	16.8	538.4	324.7	773	324.6	3
	9514171.1		0	2077.3	3	9514930.3	9514966	35.7	816.2	285	1099.3	220	5.1
	9514171.1		0	2077.3	4	9515597.8	9515631.2	33.4	1127.4	190.4	1224.3	504.5	6.3
	9514171.1		0	2077.3	5	9515856.4	9515864.7	8.2	1229.5	527.2	1291	600.2	0.7
	9516251.3		0	739.7	1	9516381.9	9516423.6	41.8	1276.4	613.9	1012.3	230.2	9.7
	9516251.3		0	739.7	2	9516615.5	9516623.9	8.4	1033.4	227.3	1047.1	293	0.6
	9516995.5		0	6836.1	1	9517257.9	9517282.9	25	1041.4	328.3	708.6	280.4	4.9
	9516995.5		0	6836.1	2	9517574.9	9517591.6	16.7	691.5	251.6	845.4	254.1	2.2
	9516995.5		0	6836.1	3	9517775.1	9517791.9	16.8	908.7	255.7	1190.3	254.9	3.2
	9516995.5		0	6836.1	4	9518092.1	9518133.9	41.8	1202.6	233	1198.7	665.7	8.2
	9516995.5		0	6836.1	5	9518509.3	9518534.4	25.1	1168.1	683.1	829.9	725.7	6
	9516995.5		0	6836.1	6	9518726.2	9518734.5	8.3	783.1	722.2	730.8	725.6	0.4
	9516995.5		0	6836.1	7	9518918.1	9518934.7	16.6	725.9	725.3	952.6	673	2.6
	9516995.5		0	6836.1	8	9519093.2	9519134.9	41.8	935.2	641.9	373.9	701.5	11
	9516995.5		0	6836.1	9	9519376.8	9519393.6	16.8	369.9	726.9	150	781.5	2.5
	9516995.5		0	6836.1	10	9519710.5	9519743.9	33.4	172.4	808.6	172.3	424.7	6.3
	9516995.5		0	6836.1	11	9519927.4	9519935.8	8.4	197.6	352.6	197.3	351.9	0
	9516995.5		0	6836.1	12	9520085.9	9520094.3	8.3	245.2	302.5	246.3	300.4	0.1
	9516995.5		0	6836.1	13	9520344.5	9520352.9	8.4	235.2	279.2	369.6	326.4	1.3
	9516995.5		0	6836.1	14	9520661.6	9520678.3	16.6	381.5	384.6	613.7	393.7	3
	9516995.5		0	6836.1	15	9520936.9	9521012	75.1	651.2	363.4	857.6	171.7	6.5
	9516995.5		0	6836.1	16	9521195.5	9521212.1	16.6	897.3	179.7	1168.7	182.4	3.6
	9516995.5		0	6836.1	17	9521671	9521704.4	33.4	1182.5	188.4	1224.7	596.7	7.5
	9516995.5		0	6836.1	18	9521871.2	9521879.6	8.4	1251.2	663.2	1253.9	665.1	0.1
	9516995.5		0	6836.1	19	9522121.5	9522154.8	33.4	1194.6	684.7	1276.8	240	8.7
	9516995.5		0	6836.1	20	9522238.3	9522246.6	8.2	1260	200.2	1224.4	199.5	0.3
	9516995.5		0	6836.1	21	9522513.6	9522522	8.4	1248.3	174.4	1254.8	170.1	0.2
	9516995.5		0	6836.1	22	9522730.4	9522738.8	8.4	1271.6	139.1	1326.6	141.4	0.5
	9516995.5		0	6836.1	23	9522863.9	9522872.3	8.4	1374.9	93.5	1379.5	92.5	0.1
	9516995.5		0	6836.1	24	9523155.9	9523164.3	8.4	1396.8	96.8	1417	94.6	0.3
	9516995.5		0	6836.1	25	9523389.6	9523439.6	50	1361.6	106.2	1197.5	722.9	13.6
	9516995.5		0	6836.1	26	9523698.2	9523831.7	133.5	1192.9	728.3	1131.3	851.1	5.8
	9523835.1		0	864.2	1	9523973.5	9524015.3	41.7	1107.3	859.7	824.9	392.2	11.8
	9523835.1		0	864.2	2	9524265.5	9524282.2	16.6	792.2	345.2	633.3	403.5	2.2
	9523835.1		0	864.2	3	9524532.4	9524540.8	8.4	603.4	444.4	604	447.5	0.1
	9524706.5		0	7292.4	1	9524932.9	9524941.3	8.4	625.7	408.7	634.1	294.4	1.3
	9524706.5		0	7292.4	2	9525133.1	9525183.1	50	673.9	235.4	944.8	211.6	6
	9524706.5		0	7292.4	3	9525400.1	9525433.5	33.4	976.9	179.5	1311	197.2	5.9
	9524706.5		0	7292.4	4	9525875.6	9525917.3	41.7	1323.7	258.7	1263.2	599.5	6.9
	9524706.5		0	7292.4	5	9526175.9	9526267.7	91.8	1338.4	598.2	1313.8	725.7	3.3
	9524706.5		0	7292.4	6	9526401.2	9526484.6	83.4	1258.5	769.7	795	832.6	10.7
	9524706.5		0	7292.4	7	9526701.4	9526734.8	33.4	786.7	882.1	345.3	877.4	9.6
	9524706.5		0	7292.4	8	9526951.8	9526976.8	25	340.6	867.3	149	877.2	3.1
	9524706.5		0	7292.4	9	9527210.3	9527252	41.8	165.9	885.3	208	473.7	7.8
	9524706.5		0	7292.4	10	9527519	9527527.4	8.4	207.2	489.6	205.7	371.9	1.1
	9524706.5		0	7292.4	11	9527669.1	9527677.5	8.4	226.7	300.3	229.5	302.4	0.1
	9524706.5		0	7292.4	12	9527919.4	9527927.8	8.4	214.8	298.5	208.8	406.4	0.9
	9524706.5		0	7292.4	13	9528128	9528219.8	91.7	159.4	451.1	596.6	444.2	10.6
	9524706.5		0	7292.4	14	9528445	9528453.4	8.4	678.8	440.4	682.7	437.5	0.1
	9524706.5		0	7292.4	15	9528695.2	9528712	16.7	682.5	381.9	874.5	382	2.4
	9524706.5		0	7292.4	16	9528987.2	9529029	41.7	926.6	356.4	1032.6	139.1	5.8
	9524706.5		0	7292.4	17	9529279.2	9529305.8	26.6	1041.5	134.2	1300.6	120.8	3.9
	9524706.5		0	7292.4	18	9529487.8	9529521.2	33.4	1281.7	181.6	947.9	181.1	5.9
	9524706.5		0	7292.4	19	9529813.2	9529938.3	125.1	936.3	143	1299.9	816.6	19.7
	9524706.5		0	7292.4	20	9530288.7	9530330.4	41.7	1302.6	839	806.2	787.1	8.4
	9524706.5		0	7292.4	21	9530589.1	9530881	292	800.7	798.4	205.4	899.4	59.8
	9524706.5		0	7292.4	22	9531072.9	9531481.6	408.7	208.1	890.5	-19.8	906.1	45.8
	9532001.9		0	1832.3	1	9532132.4	9532182.4	50	26.2	915.1	265.4	339.2	13.2
	9532001.9		0	1832.3	2	9532315.9	9532324.2	8.4	290.6	319.7	298.9	259.3	0.4
	9532001.9		0	1832.3	3	9532516.1	9532550.4	34.4	289.4	304.4	715.4	291.5	8.2
	9532001.9		0	1832.3	4	9532783.1	9532824.7	41.6	730.5	239.5	1228	158.5	9.7
	9532001.9		0	1832.3	5	9532941.6	9532949.9	8.3	1250.1	147.6	1260.7	139.3	0.3
	9532001.9		0	1832.3	6	9533075.1	9533200.2	125.1	1279.8	101.3	1267.5	580.6	13.3
	9532001.9		0	1832.3	7	9533484.9	9533492.2	7.3	1306.1	629.1	1320.7	625.4	0.1
	9533839.4		0	887.4	1	9533950.9	9533992.7	41.8	1306.1	655.9	1116.1	313.4	8
	9533839.4		0	887.4	2	9534242.9	9534268.1	25.1	1098.6	242.5	1254.1	470.6	4.3
	9533839.4		0	887.4	3	9534401.4	9534409.8	8.4	1268.5	552.6	1252.4	562.4	0.2
	9533839.4		0	887.4	4	9534576.7	9534585.1	8.4	1216	623.9	1214	624.6	0.1
	9534730		0	3434	1	9534893.6	9534935.4	41.8	1211.8	627.6	1017.6	272.1	6.8
	9534730		0	3434	2	9535177.3	9535202.4	25.1	1040.1	252.8	1322.9	198.8	3.7
	9534730		0	3434	3	9535577.7	9535619.5	41.8	1254.9	190.7	764.3	168.9	12
	9534730		0	3434	4	9535778	9535853	75	724.8	113	341.5	232.2	10
	9534730		0	3434	5	9536070	9536086.6	16.6	304.1	228.4	96.1	266.3	2.3
	9534730		0	3434	6	9536278.5	9536286.9	8.4	120.9	311.9	124.4	407.8	1
	9534730		0	3434	7	9536512.1	9536545.5	33.4	142.6	448.9	207.7	875	8
	9534730		0	3434	8	9536762.3	9536795.7	33.4	225.4	901	739.9	822.6	8.4
	9534730		0	3434	9	9536962.6	9536987.6	25	726.2	807.6	1075.5	777.4	4.8
	9534730		0	3434	10	9537279.9	9537304.6	24.6	1063.2	735.1	1275.7	740.7	3.1
	9534730		0	3434	11	9537404.7	9537421.5	16.8	1230.9	773.1	1060.8	586.6	3.3
	9534730		0	3434	12	9537579.9	9537588.3	8.4	990.2	567.5	987.7	568.9	0
	9534730		0	3434	13	9537688.3	9537713.4	25.1	991.6	570	693.2	677.8	4.5
	9534730		0	3434	14	9537846.9	9537855.2	8.3	687.8	666.8	634.8	665	0.4
	9538170		0	4590.5	1	9538364	9538380.8	16.8	635.8	573.4	642.5	398.4	2.6
	9538170		0	4590.5	2	9538472.5	9538480.9	8.4	664.9	346.5	674.2	328.5	0.2
	9538170		0	4590.5	3	9538647.8	9538689.4	41.6	676.2	353.7	1139.9	223.6	8.5
	9538170		0	4590.5	4	9539173.3	9539206.6	33.4	1149.3	243.6	1180.6	695.4	8.6
	9538170		0	4590.5	5	9539306.8	9539315.1	8.4	1213.5	755.5	1214.4	755.8	0.1
	9538170		0	4590.5	6	9539532	9539557	25	1143.3	753.4	783.1	795.2	7
	9538170		0	4590.5	7	9539740.6	9539757.2	16.6	771.7	854.7	464.7	843.9	3.6
	9538170		0	4590.5	8	9539899.1	9539907.5	8.4	489.4	785.2	496	765.2	0.4
	9538170		0	4590.5	9	9540149.4	9540182.7	33.4	6.7	773.9	416	457.2	15.6
	9538170		0	4590.5	10	9540508.1	9540516.5	8.4	424	432.6	553.4	465.1	1.2
	9538170		0	4590.5	11	9540816.7	9540841.8	25.1	537.1	486.7	181.2	814.7	8.3
	9538170		0	4590.5	12	9541167.1	9541292.3	125.2	197.7	854.7	221.7	371.5	13.8
	9538170		0	4590.5	13	9541684.3	9541726.1	41.8	249.2	320.7	646.3	184.8	8.5
	9538170		0	4590.5	14	9541876.3	9541884.6	8.4	635.8	142.6	613	144.4	0.2
	9538170		0	4590.5	15	9541968.1	9541984.7	16.6	640.2	113.3	892.4	129.1	2.7
	9538170		0	4590.5	16	9542285.1	9542318.4	33.4	847.6	154.3	513.9	118.1	6.5
	9538170		0	4590.5	17	9542543.7	9542552	8.4	491.9	93.4	489.3	88.1	0.1
	9542762.8		0	3101.1	1	9542994.1	9543019.1	25	499.1	68.4	726.5	156.8	3.5
	9542762.8		0	3101.1	2	9543261.1	9543286.1	25	735.6	204	1005.1	210.3	4
	9542762.8		0	3101.1	3	9543478	9543494.6	16.6	986.9	221.7	1241.3	253.6	3
	9542762.8		0	3101.1	4	9543778.4	9543786.6	8.2	1277.2	299.9	1275.8	300.7	0
	9542762.8		0	3101.1	5	9543870.1	9543920.4	50.3	1270.8	298.5	977	581.6	10.3
	9542762.8		0	3101.1	6	9544253.8	9544262.2	8.4	925.5	625.3	924.7	623.9	0
	9542762.8		0	3101.1	7	9544379	9544387.3	8.4	933.5	648.2	894.6	719	0.6
	9542762.8		0	3101.1	8	9544587.5	9544620.9	33.4	894.3	738.3	1353.5	792.2	8.4
	9542762.8		0	3101.1	9	9544887.8	9544963	75.1	1306.6	840.1	603.6	843.7	16
	9542762.8		0	3101.1	10	9545171.4	9545179.8	8.4	561.1	795.9	419.3	796.2	1.2
	9542762.8		0	3101.1	11	9545263.2	9545271.6	8.4	338.5	807.9	231.6	917	1.1
	9542762.8		0	3101.1	12	9545480.2	9545488.5	8.3	258.4	899.6	317.2	894.7	0.6
	9545870.2		0	8352.8	1	9546014	9546047.4	33.4	314.4	893.4	470.5	480.6	8.2
	9545870.2		0	8352.8	2	9546214.3	9546272.6	58.4	505.1	415.8	805.3	407.6	6
	9545870.2		0	8352.8	3	9546506.2	9546514.6	8.4	816	325.2	812.7	192.4	1.2
	9545870.2		0	8352.8	4	9546773.3	9546798.3	25	839.8	157.5	1269.3	151.9	6.6
	9545870.2		0	8352.8	5	9547098.6	9547106.9	8.2	1328.5	172.3	1325.5	173.2	0
	9545870.2		0	8352.8	6	9547265.4	9547298.8	33.4	1324.9	193.1	1267.9	595.7	6.8
	9545870.2		0	8352.8	7	9547665.9	9547682.5	16.6	1296.3	645.9	1296.6	693.9	1.2
	9545870.2		0	8352.8	8	9547949.5	9547957.8	8.4	1274.4	734.6	1144.1	746.1	1.1
	9545870.2		0	8352.8	9	9548224.8	9548258.2	33.4	1117.2	781.4	597.3	938.7	10.1
	9545870.2		0	8352.8	10	9548550.1	9548575.2	25.1	567.9	900.5	251.1	876.8	4.2
	9545870.2		0	8352.8	11	9548850.5	9548875.4	24.9	269.5	844.5	244.7	600.7	3.8
	9545870.2		0	8352.8	12	9549100.7	9549142.4	41.8	221.7	553.6	265.2	266.6	5.4
	9545870.2		0	8352.8	13	9549367.7	9549376	8.3	307.3	233.5	390	235.4	0.8
	9545870.2		0	8352.8	14	9549559.5	9549592.9	33.4	435.9	237.7	103	572.7	8.7
	9545870.2		0	8352.8	15	9549960	9549976.7	16.6	114.6	603.6	14.5	799.7	2.6
	9545870.2		0	8352.8	16	9550076.8	9550085.2	8.4	32.5	865.2	30.3	868	0
	9545870.2		0	8352.8	17	9550343.8	9550368.8	25	35.9	856.2	452.1	802	12.7
	9545870.2		0	8352.8	18	9550468.9	9550477.3	8.4	586.3	552.5	816.3	389.8	6.4
	9545870.2		0	8352.8	19	9550861	9550869.4	8.3	750.8	360.1	749.4	358.8	0
	9545870.2		0	8352.8	20	9551052.9	9551077.9	25	742	361.3	523.6	368.8	3.5
	9545870.2		0	8352.8	21	9551344.8	9551361.5	16.6	530.8	387.3	421.3	214.3	3.4
	9545870.2		0	8352.8	22	9551670.2	9551695.2	25	398.3	183.6	126.7	183.8	3.7
	9545870.2		0	8352.8	23	9551987.2	9552079	91.7	139	226.7	624.5	184.7	12.1
	9545870.2		0	8352.8	24	9552179.1	9552187.4	8.4	644.6	112.4	644.4	108.3	0.1
	9545870.2		0	8352.8	25	9552387.6	9552412.7	25.2	651.8	83.8	977.3	84.2	6.8
	9545870.2		0	8352.8	26	9552671.3	9552688	16.7	1001.9	91.8	1244.4	93.1	2.7
	9545870.2		0	8352.8	27	9552996.7	9553004.9	8.3	1275.9	118	1331.6	122.7	0.7
	9545870.2		0	8352.8	28	9553171.8	9553255.3	83.5	1313.5	192.8	1267	324.9	3.4
	9545870.2		0	8352.8	29	9553597.3	9553630.6	33.4	1296.5	298.3	1086.2	206.3	4.7
	9545870.2		0	8352.8	30	9553780.8	9553797.5	16.7	1074.5	247	1198.1	378.2	2.9
	9554225.8		0	5327.9	1	9554489.9	9554498.2	8.4	1134.2	433.8	1132	435.8	0.1
	9554225.8		0	5327.9	2	9554590	9554606.7	16.7	1124.4	417.2	1048.8	257.3	2.6
	9554225.8		0	5327.9	3	9554690.1	9554698.5	8.4	1011.6	195.5	1006.8	193.3	0.1
	9554225.8		0	5327.9	4	9554948.7	9554973.7	25	1014.9	156.7	1363.3	163.7	4.6
	9554225.8		0	5327.9	5	9555240.8	9555282.5	41.7	1315.6	174.5	1261	618.4	8.7
	9554225.8		0	5327.9	6	9555566.1	9555582.7	16.6	1211.1	613.8	1198	860.9	2.8
	9554225.8		0	5327.9	7	9555749.6	9555758	8.4	1201.5	818.4	1221.5	791.4	0.7
	9554225.8		0	5327.9	8	9555924.8	9555958.2	33.4	1243.3	814.2	1013.5	713.1	4.4
	9554225.8		0	5327.9	9	9556125	9556166.7	41.6	989.2	652.9	591.6	658.3	7.9
	9554225.8		0	5327.9	10	9556442.1	9556467.1	25	585	644.7	298	771	4.5
	9554225.8		0	5327.9	11	9556784.1	9556809	25	272	767.8	216.3	599.4	3.4
	9554225.8		0	5327.9	12	9556934.2	9556942.6	8.5	183.3	543.4	185.2	540.9	0.1
	9554225.8		0	5327.9	13	9557051	9557059.4	8.4	212.6	529.9	301.8	460.4	0.9
	9554225.8		0	5327.9	14	9557209.5	9557226.1	16.6	274.5	432.9	255.4	255.1	2
	9554225.8		0	5327.9	15	9557443.1	9557459.8	16.6	310	278.6	628.2	300	4.3
	9554225.8		0	5327.9	16	9557776.7	9557793.5	16.8	642	332.7	807.8	337	2.1
	9554225.8		0	5327.9	17	9557960.4	9557977	16.6	768.3	317.2	617.7	167.4	3.9
	9554225.8		0	5327.9	18	9558093.8	9558168.9	75.1	582.8	164.9	549.4	152.4	2.9
	9554225.8		0	5327.9	19	9558302.4	9558310.7	8.4	516.3	101.4	514.2	102.1	0.1
	9554225.8		0	5327.9	20	9558402.5	9558410.9	8.4	543.4	96.2	664.5	115.9	1.4
	9554225.8		0	5327.9	21	9558502.6	9558511	8.4	720.4	144.8	721	148.6	0.1
	9554225.8		0	5327.9	22	9558644.4	9558652.7	8.4	741.7	201.7	770.5	193.3	0.4
	9554225.8		0	5327.9	23	9558802.9	9558836.2	33.3	781	161.1	676.4	759.8	10.2
	9554225.8		0	5327.9	24	9559103.2	9559145	41.7	678.5	823.9	141.8	853.1	10.6
	9554225.8		0	5327.9	25	9559395.2	9559445.3	50.1	107.2	874.6	640.7	432.4	16.4
	9554225.8		0	5327.9	26	9559528.7	9559553.7	25	653.9	352.9	659.6	345.9	0.3
	9559556.1		0	1075.1	1	9559854	9559887.4	33.4	667.6	343.7	268.2	400.6	6.3
	9559556.1		0	1075.1	2	9560137.7	9560154.4	16.8	292.5	436.5	325.8	268.7	2
	9560633.7		0	1973.3	1	9560888.5	9560913.5	25	356.9	264.3	635.4	280	4.4
	9560633.7		0	1973.3	2	9561055.4	9561088.8	33.4	630.3	307	1055.7	293.9	7.9
	9560633.7		0	1973.3	3	9561305.6	9561314	8.4	1088.6	230.1	1091.5	229.6	0.1
	9560633.7		0	1973.3	4	9561397.4	9561422.4	25	1094.4	195.5	1389.5	201.8	4.6
	9560633.7		0	1973.3	5	9561530.9	9561539.2	8.3	1345.2	253.8	1341.6	256.3	0.1
	9560633.7		0	1973.3	6	9561681	9561722.8	41.7	1315.3	278.2	1256.6	742.2	9.1
	9560633.7		0	1973.3	7	9562006.4	9562014.8	8.4	1217.8	763	1204.5	781.2	0.3
	9560633.7		0	1973.3	8	9562281.7	9562290	8.3	1169.4	822.7	1156.9	844	0.3
	9560633.7		0	1973.3	9	9562456.9	9562465.2	8.4	1150.5	866.7	1204.4	782.4	0.7
	9562609.4		0	982.1	1	9562740.5	9562790.6	50.1	1210.2	810.2	785.7	357.5	13.6
	9562609.4		0	982.1	2	9562949.1	9562982.4	33.4	747.3	330.6	1140.7	570.5	7.3
	9562609.4		0	982.1	3	9563232.7	9563299.5	66.8	1193.5	615.1	1292.7	750.8	3.5
	9563593.3		0	3485.3	1	9563733.3	9563774.9	41.6	1281.4	724.4	957	323.4	10.8
	9563593.3		0	3485.3	2	9564083.7	9564117	33.4	919.2	285	466	283.4	8.5
	9563593.3		0	3485.3	3	9564434	9564467.4	33.4	438.5	233.4	235.8	649.5	8.9
	9563593.3		0	3485.3	4	9564834.4	9564867.8	33.4	239.9	699.3	783.1	834.6	10.4
	9563593.3		0	3485.3	5	9565093	9565118.1	25.1	804.3	871	1210.9	851.5	7.3
	9563593.3		0	3485.3	6	9565360	9565385	25	1233.9	822.3	1248.9	611.9	3.4
	9563593.3		0	3485.3	7	9565602	9565627	25	1273.4	567.8	1269.1	326	3.9
	9563593.3		0	3485.3	8	9565818.8	9565827.2	8.4	1255.1	248.1	1255.1	247	0
	9563593.3		0	3485.3	9	9566085.8	9566119.2	33.4	1265.3	215.2	791.3	477.1	8.5
	9563593.3		0	3485.3	10	9566427.8	9566452.9	25	758.8	445.8	666.7	179.7	3.8
	9563593.3		0	3485.3	11	9566653.1	9566678.1	25	625.3	190.4	347.9	176.2	4.9
	9567080.3		0	4453.1	1	9567253.7	9567270.4	16.8	333.8	160.7	602.5	247	3.2
	9567080.3		0	4453.1	2	9567453.9	9567470.7	16.7	618.2	276.5	843.3	279.4	2.6
	9567080.3		0	4453.1	3	9567762.7	9567787.7	25	860.2	255.7	1162.5	182.7	5.7
	9567080.3		0	4453.1	4	9568204.8	9568238.2	33.4	1185.1	176.8	1193.7	607.3	7
	9567080.3		0	4453.1	5	9568538.4	9568555.2	16.8	1182.5	678.1	1012.4	731.4	2.2
	9567080.3		0	4453.1	6	9568805.4	9568830.4	25	980.3	764.4	586.8	854.7	7.3
	9567080.3		0	4453.1	7	9569039	9569064	25	568.8	867.3	227.7	864.3	4.9
	9567080.3		0	4453.1	8	9569431.1	9569439.5	8.4	173.7	837.6	155.9	825.2	0.4
	9567080.3		0	4453.1	9	9569623	9569664.7	41.7	120.5	779.3	199.2	316.3	9.2
	9567080.3		0	4453.1	10	9570073.5	9570106.8	33.4	265.1	319.9	608.7	561.4	8.7
	9567080.3		0	4453.1	11	9570457.2	9570473.8	16.6	609.3	546.8	615	336.5	2.7
	9567080.3		0	4453.1	12	9570715.8	9570732.5	16.6	585.8	303.5	571.1	217.2	1.1
	9567080.3		0	4453.1	13	9570907.7	9570932.7	25	546.6	163.3	895.9	168.8	4.7
	9567080.3		0	4453.1	14	9571157.9	9571182.9	25	884.3	167	1244.9	162.6	5.3
