													
	8003118.6		0	1066.2	1	8003500.6	8003517.2	16.6	709.2	395.7	1504.6	844	10.3
	8003118.6		0	1066.2	2	8003609	8003617.3	8.4	808.5	782.5	717.2	359.2	3.5
	8004186.4		0	4394.7	1	8004713.5	8004751.9	38.4	716.9	362.2	1086.6	59.7	9.5
	8004186.4		0	4394.7	2	8004952.2	8004960.5	8.3	1131	79.6	1128.3	82.8	0.1
	8004186.4		0	4394.7	3	8005052.3	8005093.9	41.6	1119.7	95.9	606.8	452.2	12.9
	8004186.4		0	4394.7	4	8005294.2	8005335.9	41.7	563.1	502.5	346.7	678.9	4.9
	8004186.4		0	4394.7	5	8005602.9	8005619.5	16.6	328.4	699.1	434	732.4	1.5
	8004186.4		0	4394.7	6	8005803	8005853.2	50.1	477.4	767.2	1124.5	768	13.3
	8004186.4		0	4394.7	7	8006128.4	8006153.4	25	1104.2	777.6	834.9	795	3.9
	8004186.4		0	4394.7	8	8006286.9	8006337	50.1	824.7	818.4	314.3	153.3	18.1
	8004186.4		0	4394.7	9	8006612.3	8006629	16.7	287.1	141.3	163.9	105.7	1.8
	8004186.4		0	4394.7	10	8006854.2	8006971	116.8	96.9	96.5	171.6	111.1	3.4
	8004186.4		0	4394.7	11	8007112.9	8007154.5	41.6	147.3	139.9	207.4	575.5	7.8
	8004186.4		0	4394.7	12	8007496.6	8007513.2	16.6	232.1	599.8	361.7	610.2	1.6
	8004186.4		0	4394.7	13	8007655.1	8007713.5	58.3	381.8	628.8	1004.3	186	16.9
	8004186.4		0	4394.7	14	8007997.1	8008030.5	33.4	1056.2	162.9	1344.5	166.4	4.3
	8004186.4		0	4394.7	15	8008172.4	8008264.1	91.7	1307.1	226.2	1182.1	430.2	5.7
	8008587		0	1862.8	1	8008781.3	8008798	16.6	1136.5	423.7	915.9	420.4	2.9
	8008587		0	1862.8	2	8008956.4	8008998.2	41.8	868.2	386.5	1279.4	232.8	8.6
	8008587		0	1862.8	3	8009265.2	8009298.6	33.4	1240.3	262	1122.5	642.8	6.6
	8008587		0	1862.8	4	8009523.8	8009540.4	16.6	1124.5	669.1	966.3	673.1	2.4
	8008587		0	1862.8	5	8009740.7	8009782.4	41.7	911.1	714.3	488.4	522.3	9.8
	8008587		0	1862.8	6	8010032.6	8010057.7	25.1	463.7	472	309.2	708.1	4.1
	8010450		0	2018.7	1	8010566.6	8010600	33.4	274.9	723.7	640.7	422.5	9.1
	8010450		0	2018.7	2	8010833.5	8010858.5	25	682.1	419.8	966.3	403.2	4.2
	8010450		0	2018.7	3	8011133.9	8011175.6	41.7	1008.3	368.4	1085.7	104.6	5
	8010450		0	2018.7	4	8011384.1	8011434.3	50.2	1102.2	103.1	449.1	124.4	14.4
	8010450		0	2018.7	5	8011634.4	8011684.5	50.1	373.2	148.4	266.2	475.6	7
	8010450		0	2018.7	6	8011834.6	8011843	8.3	239.6	547.9	238.7	548.3	0
	8010450		0	2018.7	7	8011934.7	8011959.7	25	255.6	547	345.7	182.1	5.8
	8010450		0	2018.7	8	8012068.2	8012084.8	16.6	376	123.7	376.1	121	0.1
	8010450		0	2018.7	9	8012218.3	8012226.7	8.4	407.6	59.1	410.2	58.2	0.1
	8012474.6		0	928.5	1	8012635.4	8012668.8	33.4	427	78.8	738.8	286.7	7.4
	8012474.6		0	928.5	2	8012819	8012852.4	33.3	776.6	326.3	413.8	415.8	6.9
	8012474.6		0	928.5	3	8013035.9	8013044.3	8.4	386.6	439.5	337.9	432.3	0.6
	8013405.8		0	706.6	1	8013536.4	8013578.1	41.8	281.4	400	689.8	382.9	8.3
	8013405.8		0	706.6	2	8013795	8013836.8	41.7	743.3	341.1	1069.1	661	9
	8014118.5		0	3405.7	1	8014312.3	8014345.7	33.4	1074.5	689.9	822.8	394.9	6.5
	8014118.5		0	3405.7	2	8014620.9	8014638.5	17.6	788.5	373.3	606.8	367.7	2.4
	8014118.5		0	3405.7	3	8014762.7	8014813.1	50.4	589.1	353.1	1272.5	612.3	15.5
	8014118.5		0	3405.7	4	8014997	8015063.1	66.1	1278.2	659.2	483.8	471.5	23
	8014118.5		0	3405.7	5	8015221.6	8015230	8.4	424.5	438.8	423.8	437.2	0
	8014118.5		0	3405.7	6	8015405.1	8015430.2	25.1	419.1	433.3	392.3	157.8	4.3
	8014118.5		0	3405.7	7	8015697.1	8015713.8	16.8	373.1	125.9	247.1	132	1.4
	8014118.5		0	3405.7	8	8015880.7	8015914.1	33.4	233.9	176.8	574.7	231.5	5.3
	8014118.5		0	3405.7	9	8016139.3	8016189.3	50	616.4	236.4	1176.1	108.7	14.7
	8014118.5		0	3405.7	10	8016447.9	8016456.3	8.4	1135.5	141.6	1113.6	147.9	0.4
	8014118.5		0	3405.7	11	8016689.9	8016714.9	25	1101.2	165	1225.7	372.5	3.6
	8014118.5		0	3405.7	12	8016990.1	8017065.3	75.1	1235.2	405.4	336.6	764.7	24.5
	8014118.5		0	3405.7	13	8017248.8	8017265.5	16.7	325.2	775.2	211.4	848.6	1.8
	8014118.5		0	3405.7	14	8017424	8017432.4	8.4	141.9	875.1	137.6	875.5	0.1
	8017527.4		0	5811.3	1	8017665.9	8017707.7	41.8	123.5	892.8	606.9	487.1	12.6
	8017527.4		0	5811.3	2	8018041.4	8018074.8	33.4	623.1	467.7	405.7	182.6	6.1
	8017527.4		0	5811.3	3	8018316.6	8018341.6	25	349	157.5	128	138.7	4
	8017527.4		0	5811.3	4	8018491.8	8018525.2	33.4	87.4	112.1	206.4	421.1	6.1
	8017527.4		0	5811.3	5	8018850.6	8018884	33.4	197.5	402.8	170.9	806.5	6.3
	8017527.4		0	5811.3	6	8019125.8	8019292.7	166.9	147.6	800.9	137.6	176.9	27
	8017527.4		0	5811.3	7	8019392.8	8019484.6	91.8	148.9	216.3	1127.1	207.3	26.5
	8017527.4		0	5811.3	8	8019784.9	8019818.3	33.4	1120.2	221.7	1141.4	614.5	6.2
	8017527.4		0	5811.3	9	8020135.3	8020176.9	41.6	1166.5	631.1	812.8	791.6	7.7
	8017527.4		0	5811.3	10	8020452.3	8020477.3	25	790.8	787.8	700.6	463.1	5.1
	8017527.4		0	5811.3	11	8020685.9	8020719.3	33.4	663.5	422.2	933.4	177.6	6.4
	8017527.4		0	5811.3	12	8020836	8020844.4	8.4	990.4	137.4	991.7	135.9	0
	8017527.4		0	5811.3	13	8020952.8	8020969.5	16.8	1026.2	128.7	1186.6	109.9	2.4
	8017527.4		0	5811.3	14	8021219.7	8021269.9	50.1	1205	112.3	560.3	168.1	13.3
	8017527.4		0	5811.3	15	8021586.9	8021611.9	25	537.1	202.5	493.3	444.2	4.7
	8017527.4		0	5811.3	16	8021862.1	8021870.5	8.4	479.3	440.5	507.8	378	0.6
	8017527.4		0	5811.3	17	8022087.3	8022120.7	33.4	532.8	349.5	810.1	670	8.1
	8017527.4		0	5811.3	18	8022329.4	8022354.3	25	826.8	680.6	614.7	681.9	3.8
	8017527.4		0	5811.3	19	8022504.5	8022537.8	33.4	554.6	670.7	1025.8	684.6	9.4
	8017527.4		0	5811.3	20	8022629.6	8022638	8.4	1097.6	708.9	1099.7	712.7	0.1
	8017527.4		0	5811.3	21	8023013.3	8023030.1	16.7	1133.4	762.2	1245.2	621.4	2.4
	8017527.4		0	5811.3	22	8023305.3	8023338.7	33.4	1323.8	602.3	1332.4	595.5	0.2
	8023343.8		0	2355.8	1	8023505.5	8023547.4	41.9	1333	599.6	869.3	391.4	9.9
	8023343.8		0	2355.8	2	8023889.3	8023922.7	33.4	887.9	371.1	1184.1	123.8	6
	8023343.8		0	2355.8	3	8024248	8024314.8	66.8	1152.1	141.6	334.3	342.9	18.5
	8023343.8		0	2355.8	4	8024556.8	8024581.8	25	331.7	391	228.6	641.4	5
	8023343.8		0	2355.8	5	8024932.2	8024990.5	58.3	219.9	659.2	201.1	224.4	15.1
	8023343.8		0	2355.8	6	8025224.1	8025232.5	8.4	177	219.5	170.4	130.5	0.7
	8023343.8		0	2355.8	7	8025407.6	8025416	8.4	173.7	169.2	270.7	174.8	1.1
	8023343.8		0	2355.8	8	8025582.8	8025591.2	8.4	338.6	169.2	339.1	167.9	0
	8025705.1		0	837.1	1	8025858.1	8025891.5	33.4	339	139.8	658.2	231.1	6.1
	8025705.1		0	837.1	2	8026183.5	8026208.5	25.1	609.3	213.2	600.7	205.6	1.1
	8026549.2		0	1536.3	1	8026859.2	8026875.9	16.8	593.5	212.2	700.2	273.2	1.8
	8026549.2		0	1536.3	2	8026959.3	8026984.3	25	765.5	278.5	949.9	159.8	3.4
	8026549.2		0	1536.3	3	8027334.7	8027343.1	8.4	971.1	189.2	969.8	275.4	1.1
	8026549.2		0	1536.3	4	8027509.9	8027534.9	25	976	321.5	955.2	530.9	3.5
	8026549.2		0	1536.3	5	8027768.5	8027776.9	8.4	941.6	610.7	977.7	609	0.3
	8028086.6		0	2176.4	1	8028244	8028302.4	58.4	1014.8	606.7	701.6	339.1	11.3
	8028086.6		0	2176.4	2	8028602.7	8028619.9	17.2	679.3	300.3	656.5	151.2	2.4
	8028086.6		0	2176.4	3	8028778	8028819.7	41.7	657.5	99.3	1101.1	83.6	8.7
	8028086.6		0	2176.4	4	8029103.3	8029128.4	25	1071.2	84.3	783	279	5.2
	8028086.6		0	2176.4	5	8029278.5	8029286.9	8.4	723.5	318.4	724.5	319.4	0
	8028086.6		0	2176.4	6	8029370.2	8029395.2	25	728.7	320.2	599.5	552.4	3.8
	8028086.6		0	2176.4	7	8029570.5	8029603.9	33.4	582.4	574.8	261.6	635.4	5.9
	8028086.6		0	2176.4	8	8029870.8	8029895.9	25	284.8	682.9	137.6	671.4	2.8
	8030271.3		0	842.6	1	8030271.7	8030337.9	66.3	106.4	651.8	609	391.8	14.2
	8030271.3		0	842.6	2	8030663.3	8030671.7	8.4	591	362	511.3	352.8	1
	8030271.3		0	842.6	3	8031088.8	8031113.8	25	451.6	316.9	450.5	311.9	0.1
	8031118.2		0	1096.9	1	8031372.4	8031397.4	25	452.6	318.6	710.8	302	4.1
	8031118.2		0	1096.9	2	8031656	8031672.8	16.8	770.7	281.5	892.9	367.2	2.3
	8031118.2		0	1096.9	3	8031881.3	8031889.6	8.4	916.1	415.8	869.2	417	0.4
	8032215.7		0	942	1	8032548.8	8032582.1	33.3	831.5	406	569.8	315.6	5.6
	8032215.7		0	942	2	8032807.3	8032824	16.6	541	301.4	418.1	300.1	1.9
	8032215.7		0	942	3	8033082.6	8033157.7	75.1	323.9	301	313.4	299.7	0.3
	8033165.9		0	776	1	8033341.2	8033366.2	25	346.3	312.8	642.6	305	4.7
	8033165.9		0	776	2	8033491.3	8033524.7	33.4	678.2	278.5	367.4	295.5	5
	8033165.9		0	776	3	8033650	8033658.2	8.2	341.7	318.1	296.2	325.7	0.5
	8033165.9		0	776	4	8033883.5	8033941.8	58.4	229.5	348.3	227	350.6	0.2
	8033943.7		0	924.2	1	8034108.7	8034142.1	33.4	318.6	348.9	711.8	332.7	8.7
	8033943.7		0	924.2	2	8034384	8034409	25	671.9	336.7	391.7	577.8	7
	8033943.7		0	924.2	3	8034617.6	8034625.9	8.4	368.8	607.8	361.6	650.4	0.3
	8034870.3		0	6779.8	1	8035018	8035051.4	33.4	318.9	662.6	654.2	329.9	8.9
	8034870.3		0	6779.8	2	8035343.4	8035351.8	8.4	631.4	311	567.7	311.8	0.9
	8034870.3		0	6779.8	3	8035593.6	8035602	8.4	545.1	311.4	519.3	237.5	0.8
	8034870.3		0	6779.8	4	8035743.9	8035768.9	25	481.8	185.5	330.6	184	3.2
	8034870.3		0	6779.8	5	8036035.9	8036052.5	16.6	266.8	166.6	233.4	48.3	1.6
	8034870.3		0	6779.8	6	8036202.6	8036277.8	75.1	195.6	37.3	991.3	448	23.5
	8034870.3		0	6779.8	7	8036586.4	8036611.5	25.1	1000.5	517.1	825.5	698.8	3.7
	8034870.3		0	6779.8	8	8036878.3	8036928.5	50.1	769.8	684.7	198.7	707.4	12
	8034870.3		0	6779.8	9	8037345.6	8037353.9	8.4	176	760	168	825.2	0.6
	8034870.3		0	6779.8	10	8037662.6	8037837.9	175.3	109.6	831.7	115.8	83.9	26.9
	8034870.3		0	6779.8	11	8037946.2	8038013	66.7	132.4	111.9	412.4	123.9	6.6
	8034870.3		0	6779.8	12	8038154.8	8038204.8	50	450.7	94.4	1065	123.8	13.4
	8034870.3		0	6779.8	13	8038513.6	8038538.6	25	1091.1	165.4	944.1	472.2	5
	8034870.3		0	6779.8	14	8038772.2	8038805.6	33.4	935.1	507.9	759.8	574.1	3.5
	8034870.3		0	6779.8	15	8038964	8038972.3	8.3	733.7	613.8	732.2	681.5	0.6
	8034870.3		0	6779.8	16	8039230.9	8039239.3	8.4	734.9	643.8	868.1	642.2	1.3
	8034870.3		0	6779.8	17	8039414.5	8039431.1	16.6	934.2	637	1074.8	639.8	2.4
	8034870.3		0	6779.8	18	8039748.1	8039773.3	25.1	1138.2	663.4	1249.6	538.1	3.2
	8034870.3		0	6779.8	19	8040182	8040198.6	16.6	1268.8	563.8	1265.8	758.3	2.5
	8034870.3		0	6779.8	20	8040465.6	8040474	8.4	1256.6	820.7	1133.6	817.1	0.9
	8034870.3		0	6779.8	21	8040632.5	8040682.5	50	1103.1	797.5	1103.6	185	15
	8034870.3		0	6779.8	22	8041199.7	8041224.9	25.2	1128.2	146.1	1279.7	220.6	3
	8034870.3		0	6779.8	23	8041475.1	8041483.5	8.4	1323.9	273.7	1322.4	274.5	0
	8041656		0	4399.1	1	8041842	8041875.4	33.4	1273.5	299.6	857.9	334.2	7.9
	8041656		0	4399.1	2	8042084	8042100.7	16.6	881.1	320.3	735.4	373.5	2
	8041656		0	4399.1	3	8042451.2	8042484.4	33.3	731.1	413.7	461.3	472.5	4.8
	8041656		0	4399.1	4	8042843.2	8042859.9	16.8	447.4	497.1	332.8	372.8	2.6
	8041656		0	4399.1	5	8043168.5	8043193.5	25	281.7	367.8	265.6	652.9	4.4
	8041656		0	4399.1	6	8043427.1	8043460.5	33.4	262.6	679.4	627.2	694.9	5.7
	8041656		0	4399.1	7	8043677.4	8043735.9	58.5	681	688.1	1201.2	218.9	15.3
	8041656		0	4399.1	8	8043986.1	8043994.5	8.4	1223.9	248.4	1265.1	223.5	0.9
	8041656		0	4399.1	9	8044194.6	8044228	33.4	1260.4	213.6	1210.3	593.9	6.1
	8041656		0	4399.1	10	8044595.1	8044620.1	25	1210.2	612.2	936.1	709.9	4.3
	8041656		0	4399.1	11	8044937.1	8044953.8	16.8	903.6	727.6	778.6	769.2	1.6
	8041656		0	4399.1	12	8045304.2	8045362.6	58.4	768.1	809.2	609.5	100.8	15.3
	8041656		0	4399.1	13	8045662.9	8045671.3	8.4	587.4	108.6	517	111.7	0.7
	8041656		0	4399.1	14	8045796.4	8045804.7	8.3	457	130	429.7	129.8	0.3
	8046062.4		0	935.3	1	8046213.5	8046238.5	25	485.9	150	730.9	302.9	5.8
	8046062.4		0	935.3	2	8046497.1	8046530.5	33.4	745.1	292.4	897.3	82.1	5.1
	8047001.2		0	4493	1	8047214.6	8047256.2	41.6	931.9	69.2	675.6	376.2	7.9
	8047001.2		0	4493	2	8047465	8047489.9	24.9	642.4	408.7	447.2	480.1	3.1
	8047001.2		0	4493	3	8047665.1	8047698.5	33.4	451.2	506.7	818	504	5.8
	8047001.2		0	4493	4	8047990.5	8048124	133.5	870.6	513.9	275	116.9	23.3
	8047001.2		0	4493	5	8048457.6	8048474.3	16.7	270.6	145.9	178.4	278.1	2.6
	8047001.2		0	4493	6	8048691.2	8048724.5	33.4	167.9	310.2	239.4	687.9	6.5
	8047001.2		0	4493	7	8049033.2	8049091.7	58.5	261.7	720.1	1065.2	722.5	19.5
	8047001.2		0	4493	8	8049308.5	8049317.1	8.6	1141.3	739.4	1226.4	755.8	1.2
	8047001.2		0	4493	9	8049433.7	8049442.1	8.3	1279.3	798.1	1279.1	799.7	0.1
	8047001.2		0	4493	10	8049525.4	8049584	58.6	1283.8	789.5	1242.1	163.8	49
	8047001.2		0	4493	11	8049825.8	8049834.3	8.6	1234.4	178.4	1163.8	180.2	0.6
	8047001.2		0	4493	12	8050109.4	8050117.8	8.4	1144.9	207.5	1112	224.6	0.6
	8047001.2		0	4493	13	8050326.3	8050334.7	8.4	1111.9	244	1203	239.7	1
	8047001.2		0	4493	14	8050493.1	8050526.5	33.4	1213.8	217.2	765.7	224.7	8.7
	8047001.2		0	4493	15	8050793.5	8050826.9	33.4	712.2	269.3	537.2	632.4	7.7
	8047001.2		0	4493	16	8051077.1	8051085.5	8.4	548.2	677.6	553.2	775.3	0.9
	8051500.9		0	961	1	8051661.1	8051677.7	16.6	611.2	733	626	437.7	3.9
	8051500.9		0	961	2	8051761.2	8051769.5	8.3	670.9	387.9	673.1	388.3	0.1
	8051500.9		0	961	3	8051986.5	8052011.4	25	673.6	380.2	771.2	516.9	2.7
	8051500.9		0	961	4	8052178.3	8052195	16.6	791	563.3	804.1	585.1	0.6
	8052463.4		0	1091.4	1	8052662.2	8052678.8	16.6	825.5	570.9	802.7	426.3	2.3
	8052463.4		0	1091.4	2	8052945.8	8052970.8	25	780.6	403.4	1073.7	606.9	6.2
	8052463.4		0	1091.4	3	8053204.4	8053212.8	8.4	1057.2	628.4	1060.2	509.5	0.9
	8053557.5		0	898.3	1	8053813.4	8053838.4	25	1045.2	496.2	789.9	418.4	4.5
	8053557.5		0	898.3	2	8054038.6	8054122	83.4	734.2	411.2	701.7	378.8	5.9
	8053557.5		0	898.3	3	8054222.2	8054230.6	8.4	789	371.9	824.6	369.4	0.3
	8054461.6		0	786.7	1	8054772.7	8054797.9	25.1	826.8	387.6	1033.5	377.8	3
	8055253.6		0	1521.4	1	8055515.2	8055531.9	16.8	1009.2	344.3	865.7	345.2	2.7
	8055253.6		0	1521.4	2	8055732.2	8055757.2	25	801.4	370.8	671.2	363.9	2.2
	8055253.6		0	1521.4	3	8055899	8055924.1	25.1	657.7	320.7	436.2	203.6	3.9
	8055253.6		0	1521.4	4	8056082.6	8056291	208.4	386.6	161.7	168.5	243.7	17.1
	8055253.6		0	1521.4	5	8056583	8056591.4	8.4	148.4	314.1	149	314.8	0.1
	8056775		0	14290.4	1	8056916.8	8056958.5	41.7	158.9	362.7	666.7	342.1	10
	8056775		0	14290.4	2	8057158.6	8057183.8	25.1	677.9	318.8	887	422.1	3.5
	8056775		0	14290.4	3	8057459	8057492.4	33.4	900.2	452.2	424.8	485.2	9
	8056775		0	14290.4	4	8057792.7	8057809.4	16.6	417	521.2	520.1	509.8	1.4
	8056775		0	14290.4	5	8057959.5	8058034.7	75.1	573.7	466.1	326.6	289.9	7.2
	8056775		0	14290.4	6	8058343.4	8058368.4	25	259.4	270.4	182.4	148.3	3.3
	8056775		0	14290.4	7	8058660.3	8058743.8	83.4	237	160.6	1212.8	192.6	28.5
	8056775		0	14290.4	8	8059077.5	8059119.1	41.6	1237	243.1	1210.4	706.5	8.9
	8056775		0	14290.4	9	8059361.1	8059411.1	50	1212.5	694.5	1263.9	122.8	11.8
	8056775		0	14290.4	10	8059561.4	8059569.7	8.3	1285	158.8	1283.6	162.6	0.1
	8056775		0	14290.4	11	8059694.8	8059744.8	50	1269.5	188.1	722.8	542.9	13.1
	8056775		0	14290.4	12	8060045.2	8060061.8	16.6	729.2	547.7	807.7	721.3	2.8
	8056775		0	14290.4	13	8060395.5	8060412.2	16.6	846.2	764.5	924.6	766.6	1.2
	8056775		0	14290.4	14	8060595.8	8060637.4	41.6	962.4	746.7	577.1	825.6	7.7
	8056775		0	14290.4	15	8060912.8	8060962.8	50	571.3	830.9	1218.4	719.7	15.3
	8056775		0	14290.4	16	8061238.1	8061296.6	58.5	1195.2	752.2	447	846.6	18
	8056775		0	14290.4	17	8061505	8061513.4	8.4	444.8	872	358.9	872.2	0.7
	8056775		0	14290.4	18	8061697	8061705.3	8.3	379.9	899.8	452.2	898.7	0.7
	8056775		0	14290.4	19	8061947.3	8061980.6	33.3	475.1	882.3	237.4	531.4	7.3
	8056775		0	14290.4	20	8062272.6	8062289.2	16.6	187.2	498.1	186.1	687.7	2.3
	8056775		0	14290.4	21	8062547.9	8062589.6	41.7	207.4	670.8	352.5	176.1	11.5
	8056775		0	14290.4	22	8062831.5	8062848.2	16.8	356.4	172.8	535.9	174.6	2.7
	8056775		0	14290.4	23	8063073.5	8063081.8	8.4	623.4	168.4	625.4	167.5	0
	8056775		0	14290.4	24	8063165.2	8063181.8	16.6	624.1	222	651.9	307.3	1.8
	8056775		0	14290.4	25	8063540.5	8063565.7	25.2	695.7	331.8	888	224.1	3.9
	8056775		0	14290.4	26	8063949.4	8063966.1	16.6	906.7	180.9	920.9	155.2	0.9
	8056775		0	14290.4	27	8064116.2	8064149.6	33.4	937.1	137.8	1244.9	72	5
	8056775		0	14290.4	28	8064474.9	8064533.4	58.5	1225.5	118.7	1215.6	273.7	3.7
	8056775		0	14290.4	29	8064825.3	8064833.7	8.4	1215.5	350.6	1212.6	437.4	1.1
	8056775		0	14290.4	30	8065033.9	8065050.6	16.6	1223.9	464	1360.3	345.7	2.4
	8056775		0	14290.4	31	8065292.5	8065342.5	50	1343.3	327.3	670.2	254.4	14.4
	8056775		0	14290.4	32	8065667.9	8065684.7	16.7	615.1	217.4	556.6	350.4	1.7
	8056775		0	14290.4	33	8065968.4	8065976.6	8.2	540.2	371	542.7	457.8	0.7
	8056775		0	14290.4	34	8066285.3	8066327	41.7	556.7	468.7	228.5	320.2	6.9
	8056775		0	14290.4	35	8066502.2	8066543.9	41.7	296.4	322.8	739.7	423.7	11.3
	8056775		0	14290.4	36	8066894.2	8066902.6	8.5	722.9	450.3	663	450.1	0.6
	8056775		0	14290.4	37	8067253	8067294.7	41.7	636.1	432.7	339.7	128.7	8.8
	8056775		0	14290.4	38	8067403.3	8067411.4	8.1	252.5	132.8	249.2	134.4	0.1
	8056775		0	14290.4	39	8067670.1	8067687.2	17	244.1	209.8	161.8	333	2.4
	8056775		0	14290.4	40	8068003.8	8068012.2	8.3	117.7	373.5	109.7	371.7	0.2
	8056775		0	14290.4	41	8068178.9	8068195.7	16.8	101.4	390.7	104.9	578.4	2.1
	8056775		0	14290.4	42	8068404.2	8068421	16.9	104.3	612.5	146.4	817.3	2.9
	8056775		0	14290.4	43	8068612.8	8068687.9	75.1	176.9	861.2	1003.1	646.5	23.3
	8056775		0	14290.4	44	8068929.8	8068954.8	25	1034.9	647.6	1223.8	571.8	3
	8056775		0	14290.4	45	8069088.3	8069096.6	8.3	1259.7	514.5	1264.3	513.2	0.1
	8056775		0	14290.4	46	8069363.6	8069380.3	16.6	1262.9	539.4	1269.4	744.1	2.8
	8056775		0	14290.4	47	8069689	8069739	50	1229.8	736.6	734.1	758.8	13
	8056775		0	14290.4	48	8070031	8070047.6	16.6	686.5	778.4	580.5	784.9	2.1
	8056775		0	14290.4	49	8070222.8	8070231.2	8.4	524.5	817	506.1	825.1	0.2
	8056775		0	14290.4	50	8070398.1	8070448.3	50.2	480.3	853.3	930.7	258.4	17.8
	8056775		0	14290.4	51	8070573.2	8070623.3	50.1	931.6	259.8	478.6	893.5	15.8
	8071070.2		0	2915.1	1	8071340.7	8071382.4	41.8	539	876.4	834.5	606.4	9.1
	8071070.2		0	2915.1	2	8071716.2	8071732.8	16.6	814.1	604.7	635.7	634.8	2.4
	8071070.2		0	2915.1	3	8072091.5	8072116.5	25	629.8	647.7	818.8	394.5	4.9
	8071070.2		0	2915.1	4	8072667.1	8072692.2	25	881	394.5	1010.3	692.1	5
	8071070.2		0	2915.1	5	8072942.5	8072967.5	25	1069.5	681.5	1148.7	511.6	4
	8071070.2		0	2915.1	6	8073117.6	8073142.6	25	1164.8	503.2	1020.9	225.4	4.8
	8071070.2		0	2915.1	7	8073401.3	8073426.3	25.1	1004.2	160.7	1245	119.8	3.3
	8071070.2		0	2915.1	8	8073568.1	8073618.2	50.1	1263.2	134.3	1284.5	94.5	7.1
	8071070.2		0	2915.1	9	8073868.5	8073876.8	8.3	1274.1	116.6	1261.9	112.4	0.3
	8073985.9		0	6347.8	1	8074127.1	8074177.1	50	1304.9	109.7	780.6	400.6	14
	8073985.9		0	6347.8	2	8074510.8	8074527.6	16.8	803.3	369.5	997.8	400.6	3.2
	8073985.9		0	6347.8	3	8074661	8074686.1	25.1	1041.4	427.6	1123.2	356.3	2.8
	8073985.9		0	6347.8	4	8074969.7	8075011.5	41.7	1137.1	290.7	722.8	303.6	7.9
	8073985.9		0	6347.8	5	8075311.7	8075320.1	8.4	705.8	343.1	653.1	343	0.5
	8073985.9		0	6347.8	6	8075536.9	8075561.9	25	636.6	347.1	526.8	552.2	3.3
	8073985.9		0	6347.8	7	8075945.8	8075962.4	16.6	491.7	605.5	424.5	712.3	2.2
	8073985.9		0	6347.8	8	8076204.4	8076229.4	25	421.8	731	565.7	424.4	5.5
	8073985.9		0	6347.8	9	8076312.8	8076321.1	8.4	592	353	593.8	352.3	0
	8073985.9		0	6347.8	10	8076554.7	8076588.1	33.4	602.1	346.7	513.6	688.7	6.4
	8073985.9		0	6347.8	11	8076754.9	8076780	25.1	496.5	692.8	770.2	786.1	4.5
	8073985.9		0	6347.8	12	8076980.2	8077013.5	33.3	793.5	808.9	1148.3	802.6	6.8
	8073985.9		0	6347.8	13	8077322.2	8077330.6	8.4	1216.8	774.7	1227.6	767.2	0.3
	8073985.9		0	6347.8	14	8077530.7	8077639.2	108.5	1257.4	736.1	1309.9	126.2	56.8
	8073985.9		0	6347.8	15	8077772.7	8077931.2	158.5	1392.8	124.9	1278.2	922.2	24.4
	8073985.9		0	6347.8	16	8078223.2	8078315	91.8	1320.2	909.1	400.4	844.2	25.9
	8073985.9		0	6347.8	17	8078473.4	8078490.2	16.8	381.1	836.2	264.9	857.8	2
	8073985.9		0	6347.8	18	8078807.2	8078848.8	41.6	223	871.3	213.8	215.8	16.2
	8073985.9		0	6347.8	19	8079115.8	8079124.2	8.3	173	269.5	172.1	275.1	0.3
	8073985.9		0	6347.8	20	8079274.3	8079291	16.7	163.5	291.6	166	470.9	2.2
	8073985.9		0	6347.8	21	8079449.6	8079499.6	50	179.5	503.5	734.6	286.3	14.5
	8073985.9		0	6347.8	22	8079708.1	8079783.2	75	771.8	232.3	1125.7	118.7	8.2
	8073985.9		0	6347.8	23	8079975.4	8080000.1	24.7	1145.3	114	871.8	112.3	4.1
	8073985.9		0	6347.8	24	8080141.9	8080150.3	8.3	846.1	65.8	818.6	65.4	0.2
	8080334		0	708.9	1	8080625.7	8080650.9	25.1	785.6	73.9	561.5	75.1	3.8
	8081048.9		0	3339.4	1	8081343.2	8081368.2	25	568.7	100	820.1	188.6	4.3
	8081048.9		0	3339.4	2	8081626.8	8081643.6	16.7	859.5	236.6	831.8	426.2	2.9
	8081048.9		0	3339.4	3	8081852.1	8081935.6	83.5	796.6	487.9	785.5	557	2.5
	8081048.9		0	3339.4	4	8082094.1	8082127.4	33.4	775.1	619.7	444.7	657	6.2
	8081048.9		0	3339.4	5	8082377.7	8082394.3	16.6	397.1	681.8	218.7	619.3	2.8
	8081048.9		0	3339.4	6	8082594.6	8082602.9	8.3	192	598.8	191.3	531.9	0.8
	8081048.9		0	3339.4	7	8082694.7	8082703.1	8.4	165	462.3	163.6	460.9	0
	8081048.9		0	3339.4	8	8082794.8	8082819.8	25	157.4	449.1	158.7	59.6	5.3
	8081048.9		0	3339.4	9	8082903.3	8082928.3	25	128.9	78.7	128.7	82	1
	8081048.9		0	3339.4	10	8083095.2	8083170.2	75	160	125.3	1084.2	93.6	23
	8081048.9		0	3339.4	11	8083462.1	8083487.3	25.2	1149.8	76.1	1219.6	76.3	1.5
	8081048.9		0	3339.4	12	8083645.8	8083670.8	25	1224.9	110.8	1124.2	241.9	2.5
	8081048.9		0	3339.4	13	8083912.6	8083937.7	25.1	1125.2	283.8	1249.4	599	5.4
	8081048.9		0	3339.4	14	8084079.5	8084096.3	16.8	1260.9	630.8	1294.6	733.7	1.4
	8084391.3		0	2165.9	1	8084396.5	8084513.4	116.8	1340.4	770.9	817.5	332.3	18.7
	8084391.3		0	2165.9	2	8084863.7	8084897.1	33.4	831.7	303.4	1222.1	518.5	7.3
	8084391.3		0	2165.9	3	8085214.1	8085264.1	50	1243.8	512.8	1259.8	134	31.2
	8084391.3		0	2165.9	4	8085347.7	8085356	8.2	1315.4	128.2	1318.9	125.2	0.1
	8084391.3		0	2165.9	5	8085531.1	8085597.8	66.8	1345.3	133.9	465.5	134.5	24.4
	8084391.3		0	2165.9	6	8085889.9	8085931.6	41.7	397.2	161.5	325.4	439.1	6.3
	8084391.3		0	2165.9	7	8086065	8086098.4	33.4	303.6	420.6	438.9	607.8	5.3
	8084391.3		0	2165.9	8	8086223.6	8086248.6	25	433.9	598.7	195.2	390.8	6.3
	8086564.4		0	2662.5	1	8086649	8086682.3	33.3	133.7	399.8	568.4	357.2	8.4
	8086564.4		0	2662.5	2	8086849.1	8086940.9	91.7	629.8	319.3	828.4	411.7	5.4
	8086564.4		0	2662.5	3	8087174.5	8087182.9	8.4	900.5	432	901.8	431	0
	8086564.4		0	2662.5	4	8087274.7	8087308.1	33.4	898	431.3	534.7	472.4	5.5
	8086564.4		0	2662.5	5	8087558.3	8087583.4	25.1	548.8	494.4	543.1	739.6	4.4
	8086564.4		0	2662.5	6	8087800.2	8087808.6	8.4	489.3	760.4	475.8	753.7	0.2
	8086564.4		0	2662.5	7	8088033.8	8088067.3	33.4	461.6	738.5	127.5	790	5.7
	8086564.4		0	2662.5	8	8088317.5	8088501	183.5	107.7	824.9	153.1	159.3	30.5
	8086564.4		0	2662.5	9	8088651.1	8088726.3	75.2	156.4	175	1177.9	79.4	27.8
	8089228.9		0	790.4	1	8089493.7	8089543.8	50.1	1148.1	64.8	600	353.5	12.6
	8089228.9		0	790.4	2	8089769.2	8089777.3	8.1	655.7	369.1	715.3	392	0.8
	8090023.6		0	871.7	1	8090319.7	8090344.6	25	726.6	440.5	871.9	247.4	3.4
	8090023.6		0	871.7	2	8090511.5	8090536.5	25	875.5	259.3	973.7	570.4	5.9
	8090901.6		0	1144.9	1	8091153.9	8091187.3	33.4	983.7	589.1	738.6	317.5	6.8
	8090901.6		0	1144.9	2	8091420.7	8091445.7	25	721.6	285.7	499.5	382.8	3.9
	8090901.6		0	1144.9	3	8091629.4	8091662.7	33.4	445.1	407.2	729.4	165.2	7
	8092052.6		0	736.4	1	8092338.5	8092371.8	33.4	787.8	156.6	747.8	471.9	5.6
	8092052.6		0	736.4	2	8092563.7	8092573	9.3	697.3	488.4	685.3	498.3	0.4
	8092796.3		0	2053.2	1	8093055.9	8093081	25	668.4	444.4	721.1	238	4.1
	8092796.3		0	2053.2	2	8093406.3	8093422.9	16.6	742.1	209.7	535.3	209.5	2.6
	8092796.3		0	2053.2	3	8093581.5	8093598.2	16.7	455.8	207	286.7	195.7	2.3
	8092796.3		0	2053.2	4	8093831.8	8093865.2	33.4	245.1	192.2	208.6	520.4	6
	8092796.3		0	2053.2	5	8094140.7	8094157.5	16.7	221.1	535.4	420.7	595.2	3.9
	8092796.3		0	2053.2	6	8094382.4	8094415.8	33.4	435.4	590.1	206.4	339.2	7.4
	8094851.9		0	1841.4	1	8095016.4	8095066.4	50	159.4	339.5	641	341.9	11.3
	8094851.9		0	1841.4	2	8095308.4	8095325	16.6	663	341	831.5	381.5	2.6
	8094851.9		0	1841.4	3	8095491.9	8095500.2	8.4	865.8	440.5	864.8	442.1	0.1
	8094851.9		0	1841.4	4	8095625.3	8095642.1	16.8	875.4	464.5	961.3	574.5	1.9
	8094851.9		0	1841.4	5	8095842.2	8095875.6	33.4	944.1	608.2	649	514.6	5.9
	8094851.9		0	1841.4	6	8096075.8	8096109.2	33.4	661.6	485.5	325.9	625.2	6.8
	8094851.9		0	1841.4	7	8096342.8	8096351.2	8.4	311.5	646.4	296.5	770.3	1.1
	8094851.9		0	1841.4	8	8096501.3	8096509.7	8.4	251.7	820.1	250.5	824.6	0.1
	8096693.9		0	2076.5	1	8096701.6	8096801.7	100.1	235.1	846.5	677.4	483.8	15.8
	8096693.9		0	2076.5	2	8097135.3	8097160.3	25	668.4	478	905.8	450.8	4
	8096693.9		0	2076.5	3	8097277.2	8097302.2	25	952.1	422.9	962.3	280.5	2.3
	8096693.9		0	2076.5	4	8097544.2	8097619.2	75	1019.1	242.6	939.7	757.4	10.9
	8096693.9		0	2076.5	5	8097902.8	8097952.9	50.1	909.1	764.5	307.2	775.8	12.5
	8096693.9		0	2076.5	6	8098236.5	8098378.4	141.9	279.9	792.2	153.1	155.3	29.7
	8096693.9		0	2076.5	7	8098536.9	8098578.5	41.6	153.8	183.2	171.5	160.9	3.1
	8098776		0	10505.7	1	8098912.2	8098937.2	25	182.9	164.5	520.5	211.3	5.4
	8098776		0	10505.7	2	8099029	8099037.3	8.3	599.2	230.7	603.2	228.8	0.1
	8098776		0	10505.7	3	8099170.8	8099179.2	8.4	650.4	203.3	734.5	204.4	1.1
	8098776		0	10505.7	4	8099396.1	8099429.5	33.4	815.3	214.9	1158.4	146.7	5.9
	8098776		0	10505.7	5	8099604.7	8099621.4	16.6	1193.9	161	1321.3	186.4	1.9
	8098776		0	10505.7	6	8099713.1	8099830	116.9	1350.8	241.2	1167.9	666.2	11.5
	8098776		0	10505.7	7	8099996.7	8100005.1	8.4	1190.6	714.8	1192.2	715.2	0
	8098776		0	10505.7	8	8100113.6	8100155.3	41.8	1178.6	710.7	657.1	761.4	10.4
	8098776		0	10505.7	9	8100363.8	8100397.2	33.4	628.4	779.2	265.3	791	5.8
	8098776		0	10505.7	10	8100630.8	8100647.4	16.6	225.3	819.8	142.1	826.1	1.2
	8098776		0	10505.7	11	8100831.1	8100881.1	50	120.1	860.1	144.3	262.8	11.6
	8098776		0	10505.7	12	8101156.3	8101173.1	16.7	160.3	290.2	159.2	445	2
	8098776		0	10505.7	13	8101356.6	8101364.9	8.4	133.8	509.5	123.9	533.7	0.3
	8098776		0	10505.7	14	8101523.4	8101565.2	41.7	118.4	573.3	664.9	670.8	12.7
	8098776		0	10505.7	15	8101782	8101798.8	16.8	655.3	684.2	709.7	824.1	2.1
	8098776		0	10505.7	16	8102007.4	8102032.2	24.8	762	846.7	955.6	840.8	3.1
	8098776		0	10505.7	17	8102157.4	8102207.6	50.1	1016.5	808.4	876.3	193.9	12.9
	8098776		0	10505.7	18	8102516.1	8102524.8	8.7	860.9	156.8	912.8	127.7	0.6
	8098776		0	10505.7	19	8102724.8	8102749.8	24.9	924.3	87.1	702.9	364.7	6.3
	8098776		0	10505.7	20	8103016.7	8103058.4	41.7	706.1	419.1	1188.5	148.8	11
	8098776		0	10505.7	21	8103383.7	8103400.5	16.7	1175	175.1	1153.4	272.8	1.4
	8098776		0	10505.7	22	8103650.7	8103659.1	8.4	1124.7	311.9	1118.6	408.7	1
	8098776		0	10505.7	23	8104017.8	8104034.4	16.6	1106.7	478.4	906.3	547.2	2.5
	8098776		0	10505.7	24	8104343.2	8104359.8	16.6	854.1	577.4	709.3	573.3	1.8
	8098776		0	10505.7	25	8104501.7	8104576.7	75	683.8	538.7	687.8	535	4.5
	8098776		0	10505.7	26	8104685.2	8104718.6	33.4	697.5	539.3	701.3	535.2	1.7
	8098776		0	10505.7	27	8104852	8104918.8	66.8	658.4	571.9	655.4	568.8	4.2
	8098776		0	10505.7	28	8105018.9	8105052.3	33.4	627.2	527.6	444.6	142.7	8.7
	8098776		0	10505.7	29	8105327.6	8105352.5	25	413.3	150.5	191.2	158.9	3.9
	8098776		0	10505.7	30	8105602.9	8105611.2	8.3	184.6	199.5	143.2	202.8	0.5
	8098776		0	10505.7	31	8105853.1	8105861.5	8.4	157.8	236.5	243.1	239.4	0.8
	8098776		0	10505.7	32	8106178.5	8106211.9	33.4	230.3	214.8	192.6	459.7	4.5
	8098776		0	10505.7	33	8106428.8	8106445.4	16.6	165.1	519.8	164	591.7	1.7
	8098776		0	10505.7	34	8106820.8	8106870.9	50	107.5	568	583.8	675.3	12.4
	8098776		0	10505.7	35	8107112.8	8107129.5	16.6	652.2	674.1	744	796.2	1.9
	8098776		0	10505.7	36	8107354.7	8107388.1	33.4	787.4	834.8	1086.2	760.8	5
	8098776		0	10505.7	37	8107505	8107663.3	158.3	1115	740.6	1144.1	68.9	55
	8098776		0	10505.7	38	8107847	8107947.1	100.1	1184.5	91.6	1038.3	101.4	5.2
	8098776		0	10505.7	39	8108222.3	8108230.8	8.4	997.5	84.9	978.2	86.2	0.4
	8098776		0	10505.7	40	8108355.8	8108372.5	16.8	979.7	111.5	1090	239.4	2.2
	8098776		0	10505.7	41	8108756.3	8108764.6	8.3	1140.9	269.4	1182.5	234.6	0.6
	8109287.3		0	1721.4	1	8109607.1	8109640.5	33.4	783.2	740.7	839.9	199.6	23.8
	8109287.3		0	1721.4	2	8109790.7	8109799	8.3	913	194.7	915.2	191.6	0
	8109287.3		0	1721.4	3	8109899.2	8109932.5	33.3	859	185.9	486.5	176.3	10
	8109287.3		0	1721.4	4	8110266.2	8110291.3	25.1	437.2	166.9	294.6	186	3.2
	8109287.3		0	1721.4	5	8110383	8110391.4	8.4	239	215.5	229.7	215.7	0.1
	8109287.3		0	1721.4	6	8110474.7	8110483.1	8.3	229	246.3	175	267.8	0.5
	8109287.3		0	1721.4	7	8110625	8110633.3	8.3	125	298.5	113.7	291.5	0.4
	8109287.3		0	1721.4	8	8110933.6	8111008.7	75.1	142.2	309.3	153.9	309.4	0.4
	8111015.2		0	1186.5	1	8111158.8	8111200.6	41.8	183.2	315.5	713.5	271.2	11.1
	8111015.2		0	1186.5	2	8111500.9	8111534.3	33.4	736.5	237	1033.9	271.9	5.1
	8111015.2		0	1186.5	3	8111651.1	8111684.5	33.4	1081.1	299.7	665.4	429.5	8.3
	8111015.2		0	1186.5	4	8111867.9	8111876.3	8.4	623.6	487.7	619	487.7	0.2
	8112204.7		0	547.6	1	8112376.9	8112393.6	16.7	599	497.4	661.4	344.9	2.4
	8112204.7		0	547.6	2	8112677.1	8112752.3	75.2	724.5	332.6	938	173.1	7.2
	8112754.8		0	1374	1	8113069.3	8113094.3	25	897.9	185.7	708.4	469.8	6.4
	8112754.8		0	1374	2	8113186	8113194.4	8.4	723.8	484	798.8	474.7	0.4
	8112754.8		0	1374	3	8113286.1	8113327.9	41.8	764.4	476.9	1055.6	376.9	6.6
	8112754.8		0	1374	4	8113494.8	8113503.1	8.4	1082.1	311	1084.5	309.7	0.1
	8114130.6		0	3543.6	1	8114328.9	8114362.3	33.4	1024.7	281.6	632.5	332.9	7.8
	8114130.6		0	3543.6	2	8114596	8114620.9	25	649.9	365.4	475.8	569.6	4
	8114130.6		0	3543.6	3	8114787.9	8114821.2	33.3	460	592.2	296.5	250.1	7.6
	8114130.6		0	3543.6	4	8115104.9	8115129.8	24.9	269.6	211.1	258.4	492.2	3.9
	8114130.6		0	3543.6	5	8115380.1	8115396.8	16.8	233.3	537.9	292.5	665.1	2.5
	8114130.6		0	3543.6	6	8115655.4	8115688.8	33.4	310	673.1	665	676	6.2
	8114130.6		0	3543.6	7	8115922.3	8115955.7	33.4	653.3	679.3	858.5	665.6	4.3
	8114130.6		0	3543.6	8	8116197.7	8116222.7	25	915.5	646.4	1114.5	556	4
	8114130.6		0	3543.6	9	8116472.9	8116506.3	33.4	1138.9	545	965.3	528	4.7
	8114130.6		0	3543.6	10	8116589.7	8116598	8.3	894.2	499.3	894.9	498	0
	8114130.6		0	3543.6	11	8116823.4	8116873.4	50	900.9	506.5	1028.2	85.9	9.1
	8114130.6		0	3543.6	12	8117090.4	8117215.4	125	1027.8	75.7	789	89	13.4
	8114130.6		0	3543.6	13	8117415.6	8117424	8.4	710.1	105.7	705.2	107.1	0.1
	8117678.1		0	1105.7	1	8117907.8	8117924.4	16.6	691.5	163.3	636.8	331.4	2.6
	8117678.1		0	1105.7	2	8118116.3	8118158.1	41.8	621.1	399.2	775.7	67.1	7.1
	8118788		0	1080.3	1	8119042.4	8119067.4	25	808.7	149.7	759.9	415	5.6
	8118788		0	1080.3	2	8119292.7	8119317.7	25	744.8	432.5	965.7	576.3	4.4
	8118788		0	1080.3	3	8119459.6	8119467.8	8.3	981.6	625.1	991.9	716.3	1
	8118788		0	1080.3	4	8119693.1	8119701.4	8.3	1055.3	750.1	1059.2	751.9	0.1
	8119869.3		0	13914	1	8119885.1	8120068.5	183.4	1067.6	751.1	742.5	214.5	21.6
	8119869.3		0	13914	2	8120385.6	8120410.5	24.9	718.5	215.6	478.2	342.6	4.1
	8119869.3		0	13914	3	8120602.4	8120635.8	33.4	452.7	379.1	256.2	523.7	4.6
	8119869.3		0	13914	4	8120902.8	8120936.1	33.3	226.1	557.7	213.7	148.7	6.8
	8119869.3		0	13914	5	8121228.2	8121286.5	58.3	199	121.8	774.9	425.6	16.4
	8119869.3		0	13914	6	8121570.1	8121661.9	91.8	795.7	491	1008	537.7	6
	8119869.3		0	13914	7	8121812.1	8121937.2	125.1	964.1	590	692.4	722.2	8.6
	8119869.3		0	13914	8	8122371	8122437.7	66.8	719	695.6	1160.1	253.6	17
	8119869.3		0	13914	9	8122796.4	8122813.2	16.8	1155.4	319.8	1155.5	415	2.1
	8119869.3		0	13914	10	8123121.8	8123155.2	33.4	1157.7	469.5	1186.3	864.5	9.8
	8119869.3		0	13914	11	8123330.4	8123355.4	25	1230	824	1030.2	803.1	3.8
	8119869.3		0	13914	12	8123547.3	8123555.6	8.3	1000.4	834.8	954.3	838	0.4
	8119869.3		0	13914	13	8123739.2	8123789.1	50	909.6	855	277.5	833.3	13.2
	8119869.3		0	13914	14	8124089.5	8124122.9	33.4	264.2	866.2	146.7	533	7.5
	8119869.3		0	13914	15	8124264.8	8124323.1	58.4	135.5	552	152.1	142.1	14.7
	8119869.3		0	13914	16	8124590	8124598.4	8.4	152.2	186.2	162	366.8	1.7
	8119869.3		0	13914	17	8124832	8124865.4	33.4	121	364.4	285.8	48.3	6.7
	8119869.3		0	13914	18	8125023.9	8125082.2	58.4	238.4	19.3	174.3	10.7	1.7
	8119869.3		0	13914	19	8125299.2	8125340.8	41.6	147.8	67.4	722.7	170.6	12.2
	8119869.3		0	13914	20	8125749.7	8125791.3	41.6	797	163.9	920.2	165	3
	8119869.3		0	13914	21	8125991.6	8125999.9	8.3	955.6	131.9	1028.7	121.6	0.7
	8119869.3		0	13914	22	8126225.2	8126258.6	33.4	1055	96.6	1282.6	87.8	4.3
	8119869.3		0	13914	23	8126450.5	8126459.2	8.7	1254.5	135.8	1252.9	137.5	0.1
	8119869.3		0	13914	24	8126775.8	8126809.2	33.4	1224.4	162.9	821.5	408.6	8.9
	8119869.3		0	13914	25	8127259.7	8127284.7	25	849	366.3	695.7	511.4	2.9
	8119869.3		0	13914	26	8127484.9	8127501.5	16.6	702.9	492.6	848.2	350.3	2.4
	8119869.3		0	13914	27	8127977.4	8128068.9	91.5	848.9	398.1	521.8	283.2	8.9
	8119869.3		0	13914	28	8128419.2	8128435.9	16.7	518.4	273	354.3	351.4	2.3
	8119869.3		0	13914	29	8128652.9	8128669.5	16.6	309.1	386.1	474.8	362.2	2.1
	8119869.3		0	13914	30	8129019.9	8129044.8	25	500.7	345.5	277.8	476.5	4.6
	8119869.3		0	13914	31	8129353.6	8129362	8.4	251	540	227.1	604.1	0.9
	8119869.3		0	13914	32	8129654	8129679	25	191.9	652.9	83.7	596.7	1.9
	8119869.3		0	13914	33	8129854.1	8129870.8	16.7	47.7	545.8	75.4	446.5	1.4
	8119869.3		0	13914	34	8130029.3	8130037.7	8.4	64.6	384.9	61.4	389.9	0.1
	8119869.3		0	13914	35	8130121.1	8130146.1	25	82.3	403.4	328.2	624.6	6
	8119869.3		0	13914	36	8130396.3	8130404.7	8.3	358.2	663.2	364.2	787.2	1
	8119869.3		0	13914	37	8130529.8	8130538.1	8.3	398.2	849.7	397.5	852.4	0
	8119869.3		0	13914	38	8130654.9	8130705	50.1	409.8	853.9	825.6	863.4	10
	8119869.3		0	13914	39	8130913.6	8131072.1	158.6	841	881.8	1304.2	896.8	18.6
	8119869.3		0	13914	40	8131205.5	8131280.6	75.1	1287.7	897.2	1058.9	885.8	6.5
	8119869.3		0	13914	41	8131489.3	8131522.7	33.4	1064.5	891.7	1348.8	599.9	7.4
	8119869.3		0	13914	42	8131839.7	8131873.1	33.5	1337.4	579.6	1322.1	257.2	24.4
	8119869.3		0	13914	43	8132156.6	8132173.3	16.6	1294.2	266	1285.8	222.3	0.9
	8119869.3		0	13914	44	8132306.8	8132331.7	25	1296.9	195.6	1013.8	236.7	5
	8119869.3		0	13914	45	8132665.5	8132690.5	25	1003.1	193.1	959	30.2	2.9
	8119869.3		0	13914	46	8132957.5	8132974.2	16.8	915.3	58.6	810.9	54.5	1.6
	8119869.3		0	13914	47	8133124.3	8133149.3	25	777.1	54.9	951.6	54.6	3.2
	8133796.2		0	2790.1	1	8134033.7	8134117	83.4	915.6	50.9	628	157.7	16.8
	8133796.2		0	2790.1	2	8134317.4	8134367.3	49.9	626.8	171.5	976	199.8	7.9
	8133796.2		0	2790.1	3	8134509.2	8134542.5	33.3	948.9	246	1213.4	83.8	5.1
	8133796.2		0	2790.1	4	8134634.3	8134659.3	25	1219.1	72.6	1218.1	71.3	2.3
	8133796.2		0	2790.1	5	8134834.5	8134851.2	16.6	1213.3	85.3	1110.8	84.1	1.7
	8133796.2		0	2790.1	6	8135093.2	8135134.8	41.6	1072.4	88.4	593.6	262.7	10.2
	8133796.2		0	2790.1	7	8135485.3	8135518.6	33.4	577.8	276.8	240.4	121.7	7.2
	8133796.2		0	2790.1	8	8135768.9	8135785.5	16.6	222.3	145.2	126.7	224.1	2.1
	8133796.2		0	2790.1	9	8136002.6	8136019.1	16.5	123.5	271.6	186.2	252.6	1
	8133796.2		0	2790.1	10	8136177.6	8136194.4	16.7	218.5	213.1	212.8	413.4	2.6
	8136593.9		0	1143.8	1	8136753.2	8136803.3	50.2	175.6	463.7	692.3	200	13.8
	8136593.9		0	1143.8	2	8137128.7	8137145.3	16.6	717.2	179.5	750.8	318.1	1.7
	8136593.9		0	1143.8	3	8137337.2	8137345.6	8.4	801.7	364.1	794.2	374.4	0.2
	8136593.9		0	1143.8	4	8137537.4	8137545.8	8.4	806.9	436.5	808	438.6	0.1
	8137746.1		0	2719.4	1	8138088	8138188.2	100.1	839.4	447.8	461.1	384.9	12.4
	8137746.1		0	2719.4	2	8138388.4	8138413.8	25.4	453.1	364.8	282.7	158.9	5.1
	8137746.1		0	2719.4	3	8138563.5	8138613.7	50.1	284.5	152	874.8	454.6	13.7
	8137746.1		0	2719.4	4	8138905.6	8139014	108.4	867	476.1	1165.3	94.8	12.8
	8137746.1		0	2719.4	5	8139506.3	8139514.6	8.3	1160.9	157.5	1164.8	171.4	0.3
	8137746.1		0	2719.4	6	8139723.1	8139773.2	50.1	1166.8	196.5	1179.3	744.4	11.3
	8137746.1		0	2719.4	7	8140056.9	8140065.2	8.3	1212	710.6	1215.7	702.4	0.2
	8140471.1		0	5408.7	1	8140649.1	8140674.2	25.1	1253.3	692	1002	435.2	5.5
	8140471.1		0	5408.7	2	8140765.9	8140774.3	8.3	962.5	380	956.8	379.2	0.1
	8140471.1		0	5408.7	3	8140966.2	8140991.4	25.2	922.2	359.3	687.6	373.4	4.9
	8140471.1		0	5408.7	4	8141224.8	8141266.4	41.6	650.3	416.6	353	632.9	7.2
	8140471.1		0	5408.7	5	8141566.8	8141625.2	58.4	346.7	646.5	273.6	151.2	17.1
	8140471.1		0	5408.7	6	8141950.5	8141958.9	8.4	254.2	110.1	361.4	108.6	1.1
	8140471.1		0	5408.7	7	8142109	8142175.8	66.8	425.1	104	1103.4	96.9	17.1
	8140471.1		0	5408.7	8	8142517.8	8142534.5	16.8	1142	97.7	1141.5	229.4	1.7
	8140471.1		0	5408.7	9	8142868.3	8142893.3	25	1191.8	241.2	1241.3	480.9	3.7
	8140471.1		0	5408.7	10	8143218.6	8143285.4	66.8	1274.1	517.5	594.3	647.5	17.2
	8140471.1		0	5408.7	11	8143527.2	8143552.2	25	563.2	674.8	332.1	742.8	3.7
	8140471.1		0	5408.7	12	8143894.4	8143919.3	25	298.1	781	545.9	809.5	3.5
	8140471.1		0	5408.7	13	8144228	8144261.3	33.4	559.8	822	225.6	819.6	5.3
	8140471.1		0	5408.7	14	8144636.8	8144695.2	58.4	247.5	820.4	989.8	720.7	17.6
	8140471.1		0	5408.7	15	8144953.8	8144962.2	8.4	950.8	757.7	899.8	798.1	0.9
	8140471.1		0	5408.7	16	8145095.7	8145103.9	8.2	942.8	842.3	970.9	868.7	0.7
	8145887		0	3455	1	8146171.8	8146222	50.2	650.7	902.8	813	351.7	27.2
	8145887		0	3455	2	8146472.1	8146488.8	16.6	812.4	389.9	737.2	592.9	2.6
	8145887		0	3455	3	8146664	8146672.4	8.3	721.6	636.4	753.6	624.3	0.5
	8145887		0	3455	4	8146880.9	8146914.2	33.4	779.5	597.1	498.2	520.6	5.9
	8145887		0	3455	5	8147081.1	8147106.1	25	452.8	490.7	367.7	342.3	2.8
	8145887		0	3455	6	8147590	8147623.5	33.4	357.9	340.7	592.7	671.1	7.5
	8145887		0	3455	7	8147840.2	8147898.7	58.5	581.6	656.8	261.1	107.1	15.8
	8145887		0	3455	8	8148174	8148190.7	16.7	227.4	129.8	217.2	127.2	0.9
	8145887		0	3455	9	8148390.8	8148407.6	16.8	197.1	133.2	277.7	131.5	1.6
	8145887		0	3455	10	8148566.1	8148632.8	66.7	323.2	135.4	1104.6	122.3	18.9
	8145887		0	3455	11	8148891.4	8148899.8	8.4	1172.7	101.4	1204.3	108.9	0.6
	8145887		0	3455	12	8149141.7	8149150.1	8.4	1231.2	104.3	1228.7	97.9	0.2
	8149363.5		0	1972.3	1	8149558.8	8149583.8	25	1224.7	134.6	986	288.5	5.5
	8149363.5		0	1972.3	2	8149692.3	8149700.6	8.4	937.3	337.4	934.5	336.1	0.1
	8149363.5		0	1972.3	3	8149859.1	8149892.5	33.4	935.7	309.5	738.4	440.3	4.5
	8149363.5		0	1972.3	4	8150084.4	8150109.4	25	721.6	455.8	594.9	541.8	2.3
	8149363.5		0	1972.3	5	8150359.7	8150393	33.3	584.7	559	294.3	212.1	8.9
	8149363.5		0	1972.3	6	8150593.2	8150601.6	8.4	222.8	218.8	206.9	226.3	0.4
	8149363.5		0	1972.3	7	8150751.7	8150776.8	25	204.3	277.7	463.1	193.9	4.2
	8149363.5		0	1972.3	8	8150860.2	8150868.5	8.3	497.6	130.7	500.7	128.5	0.1
	8151337.7		0	2617.5	1	8151577.6	8151602.7	25.1	526.9	124.7	801.4	193.1	5.2
	8151337.7		0	2617.5	2	8151827.9	8151861.4	33.4	872.7	193.9	1145.4	77.7	5.8
	8151337.7		0	2617.5	3	8152086.6	8152136.6	50	1154.2	121.5	1240	689.8	13.7
	8151337.7		0	2617.5	4	8152445.3	8152495.3	50	1164.7	683.1	477.5	668.8	15.9
	8151337.7		0	2617.5	5	8152820.7	8152845.7	25	429.5	679.6	259.6	766	2.8
	8151337.7		0	2617.5	6	8153054.3	8153087.7	33.4	251.3	775	431.3	336.8	7.9
	8151337.7		0	2617.5	7	8153337.9	8153346.3	8.4	477.7	295.5	475.9	277.9	0.4
	8151337.7		0	2617.5	8	8153479.6	8153504.8	25.1	490.7	255	244.3	327.3	4
	8151337.7		0	2617.5	9	8153596.5	8153604.9	8.3	214.7	351.4	157.1	348.9	0.6
	8153963.3		0	1401.8	1	8153963.6	8154072	108.4	164.4	373.5	646	265.1	12.7
	8153963.3		0	1401.8	2	8154389	8154414	25	643.4	229.9	790.7	192.1	2.6
	8153963.3		0	1401.8	3	8154631	8154647.6	16.6	790.1	120.8	643.8	120.2	2
	8153963.3		0	1401.8	4	8154889.6	8154899	9.4	562.3	122.5	556.5	125.8	0.3
	8153963.3		0	1401.8	5	8155006.3	8155023.1	16.8	497.3	158.9	672.3	83.3	2.3
	8155373.3		0	884.4	1	8155665.4	8155690.4	25	720.3	117.4	778.1	339	3.8
	8155373.3		0	884.4	2	8155807.2	8155832.2	25	777.7	348	451	259.5	6.3
	8156257.8		0	1217.8	1	8156416.2	8156457.9	41.7	412.5	203.3	723.4	238.8	6.2
	8156257.8		0	1217.8	2	8156700	8156716.5	16.6	744.3	247.2	621.6	243.5	2.1
	8156257.8		0	1217.8	3	8156808.4	8156816.6	8.3	553.5	220.6	555.4	219.8	0
	8157483.9		0	3595.7	1	8157684.2	8157701	16.8	558.8	201.5	704.3	225.6	2
	8157483.9		0	3595.7	2	8157976.4	8158026.3	49.8	724.7	270.3	1171.9	89.1	10.4
	8157483.9		0	3595.7	3	8158301.6	8158426.7	125.1	1197.2	108.7	1113.6	670.2	16.1
	8157483.9		0	3595.7	4	8158685.4	8158793.8	108.5	1094.5	654.5	389.9	636.4	19.2
	8157483.9		0	3595.7	5	8158985.7	8158994	8.2	389.2	670.1	364.5	725.7	0.9
	8157483.9		0	3595.7	6	8159077.5	8159194.2	116.7	321.4	772.9	337	209	13.3
	8157483.9		0	3595.7	7	8159486.2	8159536.3	50.1	296	185.6	674.6	761.5	14.6
	8157483.9		0	3595.7	8	8159811.6	8159819.9	8.4	731.4	788.3	743	796	0.3
	8157483.9		0	3595.7	9	8159936.7	8159978.4	41.8	779.4	820.9	1160.8	698.7	8
	8157483.9		0	3595.7	10	8160245.4	8160303.8	58.4	1138.8	689.4	1164.6	141.3	32.6
	8157483.9		0	3595.7	11	8160637.4	8160662.5	25.1	1166.1	142.3	991.6	238.5	2.9
	8157483.9		0	3595.7	12	8160846	8160854.4	8.4	965.1	301.8	963.7	310.6	0.2
	8161084		0	1046.7	1	8161413.3	8161438.4	25.1	935.3	314.4	632.1	281.6	4.7
	8161084		0	1046.7	2	8161596.9	8161697	100.1	584.7	231.4	446.4	327.9	4.4
	8161084		0	1046.7	3	8161855.5	8161863.7	8.2	413	383	405.2	388.5	0.2
	8162138		0	4097.2	1	8162289.2	8162314.2	25	461.9	433.3	693.9	283.8	5
	8162138		0	4097.2	2	8162698	8162706.4	8.4	711.4	282.6	684.6	393.6	0.9
	8162138		0	4097.2	3	8162948.5	8162973.3	24.8	655	403.4	430.1	468	3.3
	8162138		0	4097.2	4	8163348.9	8163382.1	33.2	415.9	491.4	786.8	430.6	6.9
	8162138		0	4097.2	5	8163590.7	8163607.3	16.6	796.6	410.4	1000.4	390.1	2.4
	8162138		0	4097.2	6	8164066.2	8164082.9	16.8	1026.5	362.2	1087.7	270	1.4
	8162138		0	4097.2	7	8164441.5	8164458.3	16.7	1126.1	231.4	1282.1	232.5	2
	8162138		0	4097.2	8	8164675.1	8164708.5	33.4	1302	275.5	1073.4	569.7	5.9
	8162138		0	4097.2	9	8165025.5	8165075.6	50.1	1077.8	520.2	1151.6	121.3	12
	8162138		0	4097.2	10	8165309.1	8165325.9	16.7	1188.4	88.8	1269.7	75.5	1.2
	8162138		0	4097.2	11	8165451	8165526.1	75.1	1255.8	94.7	680.1	142.2	16.5
	8162138		0	4097.2	12	8165693	8165726.4	33.4	654.7	151.7	348.3	211.6	7
	8162138		0	4097.2	13	8165951.6	8165959.8	8.3	328.8	229.4	261.5	230.8	0.8
	8162138		0	4097.2	14	8166126.7	8166135.1	8.4	264	224.1	267.9	219.7	0.2
	8166242.3		0	1294.2	1	8166402.1	8166435.5	33.4	280.2	227.8	611.2	240.7	6.2
	8166242.3		0	1294.2	2	8166694.1	8166727.3	33.3	603.6	253.6	951.2	313.4	6.5
	8166242.3		0	1294.2	3	8166985.9	8167011.1	25.2	983.5	335.3	1215.1	206.3	4.1
	8166242.3		0	1294.2	4	8167161.2	8167186.2	25	1226.8	186.9	992.6	373.6	4.7
	8167542.7		0	1812.6	1	8167811.9	8167861.9	50	937.4	383.2	544.9	213	10.2
	8167542.7		0	1812.6	2	8168095.6	8168103.9	8.3	534.9	193.2	519.9	133.8	0.6
	8167542.7		0	1812.6	3	8168254	8168279	25.1	479.4	122.5	321.6	398.5	5.8
	8167542.7		0	1812.6	4	8168612.8	8168746.3	133.5	302.9	465.2	824.2	115.8	21.6
	8167542.7		0	1812.6	5	8169029.9	8169038.2	8.3	875.1	68.7	879.5	76	0.4
	8167542.7		0	1812.6	6	8169271.9	8169355.2	83.4	905.2	137.2	923.2	143.8	0.5
	8169357.2		0	657.2	1	8169764	8169797.3	33.4	880.6	169.2	641.8	447.3	7
	8170026.6		0	1139	1	8170031.2	8170039.3	8.2	677.8	636.1	700	709.3	0.6
	8170026.6		0	1139	2	8170306.2	8170339.6	33.4	689	702.3	612	253.1	7.2
	8170026.6		0	1139	3	8170574.8	8170589.9	15.1	581	253.9	476.3	252.9	1.5
	8170026.6		0	1139	4	8170790.1	8170798.5	8.5	395.5	248.6	389.2	249.6	0.1
	8171173.3		0	4783.2	1	8171357.4	8171365.8	8.4	381.6	257.6	497.1	257.9	1.2
	8171173.3		0	4783.2	2	8171557.6	8171574.3	16.6	576	265	687.4	269.6	1.4
	8171173.3		0	4783.2	3	8171958	8171991.4	33.4	751.6	266.4	954.5	394.2	4.1
	8171173.3		0	4783.2	4	8172250.1	8172258.4	8.3	978.1	442.4	898.5	443.6	0.8
	8171173.3		0	4783.2	5	8172433.5	8172483.7	50.2	846.9	459.5	365.8	451.4	10.1
	8171173.3		0	4783.2	6	8172734	8172750.6	16.7	315.8	484.5	223.7	544.9	1.7
	8171173.3		0	4783.2	7	8172992.5	8173009.3	16.8	193	591.6	174.1	711.9	1.5
	8171173.3		0	4783.2	8	8173359.6	8173751.8	392.2	159.4	722.2	410.6	180	52.1
	8171173.3		0	4783.2	9	8173926.8	8173985.2	58.4	461.9	196.4	1161.5	93.2	15.1
	8171173.3		0	4783.2	10	8174302.3	8174319	16.7	1132.8	123.7	1137	219.8	1.4
	8171173.3		0	4783.2	11	8174560.9	8174602.6	41.6	1178.4	211.4	1141.4	687.2	9.6
	8171173.3		0	4783.2	12	8174852.8	8174869.6	16.8	1120.8	725.7	1040	713.6	1.3
	8171173.3		0	4783.2	13	8175028	8175053	25	992.2	677.9	730.3	692.9	3.9
	8171173.3		0	4783.2	14	8175328.4	8175361.8	33.3	701.5	719.2	688.4	294.1	8
	8171173.3		0	4783.2	15	8175528.5	8175578.6	50.1	659.5	271.9	505.5	913	13.5
	8175960.7		0	969.4	1	8176079.1	8176129.3	50.2	493.7	894.6	641.5	334.8	12
	8175960.7		0	969.4	2	8176346.1	8176371.1	25	637.4	346.4	417.2	594.7	5.7
	8175960.7		0	969.4	3	8176579.7	8176588.1	8.4	435.1	642.3	434.9	737.2	1.1
	8175960.7		0	969.4	4	8176788.2	8176796.6	8.4	418.3	820.2	416.3	823.2	0.1
	8176930.2		0	7316.2	1	8177055.2	8177088.6	33.4	411.3	808.8	604.2	332.6	8.4
	8176930.2		0	7316.2	2	8177389.1	8177414	24.9	665	314.9	933.8	352.4	4.1
	8176930.2		0	7316.2	3	8177939.6	8177947.8	8.2	957.6	389.6	986.9	394.7	0.3
	8176930.2		0	7316.2	4	8178256.6	8178298.3	41.8	1006.9	429.4	547.7	222.4	10.2
	8176930.2		0	7316.2	5	8178656.9	8178682	25.1	533	213.1	326.8	267.6	3.2
	8176930.2		0	7316.2	6	8178857.1	8178873.9	16.7	320.5	303.7	206	291.9	1.6
	8176930.2		0	7316.2	7	8179074.2	8179115.8	41.6	170.7	272.6	182	638.3	6.6
	8176930.2		0	7316.2	8	8179366	8179391.2	25.1	220.5	582.8	355.2	482.6	10.5
	8176930.2		0	7316.2	9	8179558	8179599.6	41.7	368.8	555.6	764	212.9	10.9
	8176930.2		0	7316.2	10	8179891.6	8179908.4	16.7	817.9	184.5	964	185.3	2
	8176930.2		0	7316.2	11	8180183.7	8180208.6	24.9	1012.6	188.3	1359.4	453.5	16.2
	8176930.2		0	7316.2	12	8180267.1	8180292.1	25	1070.4	571.8	1080	221.6	17.2
	8176930.2		0	7316.2	13	8180692.5	8180700.9	8.5	1052.8	170.5	1047.5	152.6	0.4
	8176930.2		0	7316.2	14	8180901.1	8180942.9	41.7	1037.7	151.9	1255.5	606.4	11
	8176930.2		0	7316.2	15	8181209.7	8181226.5	16.7	1262.1	661.3	1240.4	803.7	1.7
	8176930.2		0	7316.2	16	8181426.7	8181468.3	41.6	1193.8	815.1	627.9	804.3	11.2
	8176930.2		0	7316.2	17	8181760.3	8181777.1	16.8	591.5	762.1	406.1	766.8	2.9
	8176930.2		0	7316.2	18	8182060.7	8182077.3	16.6	352.5	805.4	251.7	820.8	1.4
	8176930.2		0	7316.2	19	8182302.6	8182344.3	41.8	232.9	850	618.2	844.3	8.7
	8176930.2		0	7316.2	20	8182653.1	8182703.1	50	606.4	832.2	609.4	188.4	13
	8176930.2		0	7316.2	21	8183228.6	8183287	58.4	602.8	260	575.1	432.4	4.9
	8176930.2		0	7316.2	22	8183495.5	8183528.9	33.4	516.6	453.5	293.4	185	8.2
	8176930.2		0	7316.2	23	8183795.9	8183854.2	58.4	252.9	157	130.4	38.4	5.1
	8176930.2		0	7316.2	24	8183946	8183954.3	8.3	179.5	66	183.2	69.8	0.2
	8184250.2		0	2740.8	1	8184254.7	8184413.2	158.5	203.6	116.8	568.9	241.6	18.4
	8184250.2		0	2740.8	2	8184696.8	8184730.2	33.4	600.9	192.4	930.1	294.6	6.8
	8184250.2		0	2740.8	3	8185097.3	8185139	41.6	967.4	334.1	587	197.7	7.1
	8184250.2		0	2740.8	4	8185255.8	8185272.4	16.6	563.7	171.4	471.1	119.7	1.7
	8184250.2		0	2740.8	5	8185581.2	8185622.8	41.6	418.6	103.9	60.1	59.9	7.1
	8184250.2		0	2740.8	6	8185747.9	8185864.8	116.9	35.9	66.1	244.3	444.4	17.4
	8184250.2		0	2740.8	7	8186156.8	8186198.6	41.8	229.1	471.6	473	645.6	7
	8184250.2		0	2740.8	8	8186490.4	8186523.8	33.4	485.6	660.3	390.5	831	4
	8184250.2		0	2740.8	9	8186615.7	8186623.9	8.2	316.4	854	254	853.4	0.7
	8186992.1		0	733.1	1	8186999.8	8187032.8	33	319	851.2	658.5	447.4	10.6
	8186992.1		0	733.1	2	8187308	8187324.7	16.8	697.2	407	715.9	318	1.3
	8187729.9		0	654.3	1	8188142.2	8188150.6	8.4	768.4	257.1	767	257	0
	8188392.1		0	5648.2	1	8188809.7	8188843.1	33.4	781.1	266.8	426.8	535.7	8.1
	8188392.1		0	5648.2	2	8189101.6	8189110	8.4	439.5	618.2	442.7	656	0.8
	8188392.1		0	5648.2	3	8189193.4	8189243.5	50	468	663.3	1102.7	655.7	13.8
	8188392.1		0	5648.2	4	8189535.5	8189577.2	41.7	1169.3	663.6	1155.1	110.3	25
	8188392.1		0	5648.2	5	8189919.2	8189952.6	33.4	1143.2	119.1	785.4	433.5	9.1
	8188392.1		0	5648.2	6	8190186.2	8190244.5	58.4	771.7	416.4	297.1	59.3	15.3
	8188392.1		0	5648.2	7	8190344.7	8190353	8.4	226	63.3	208.6	64.9	0.3
	8188392.1		0	5648.2	8	8190569.9	8190578.3	8.4	241.5	73.9	292.3	89.8	0.6
	8188392.1		0	5648.2	9	8190853.5	8190895.3	41.8	317.7	154.4	300.6	589.1	9.4
	8188392.1		0	5648.2	10	8190987	8190995.4	8.4	332.7	655.2	336.1	655.4	0.1
	8188392.1		0	5648.2	11	8191262.2	8191270.6	8.4	366.1	676.7	414.9	706.1	0.8
	8188392.1		0	5648.2	12	8191429.1	8191462.5	33.4	451.8	725.6	869.9	732.5	7.3
	8188392.1		0	5648.2	13	8191746.1	8191754.5	8.4	951.3	739.2	1033	736	0.9
	8188392.1		0	5648.2	14	8191971.4	8191988.1	16.7	1107.1	731.3	1210.5	731.9	1.7
	8188392.1		0	5648.2	15	8192363.4	8192405.2	41.8	1261.6	750.9	796.6	762.2	9.4
	8188392.1		0	5648.2	16	8192680.5	8192688.8	8.3	754.8	786	647.7	786	0.6
	8188392.1		0	5648.2	17	8192805.7	8192839.1	33.4	645	742.7	586.8	346	7.9
	8188392.1		0	5648.2	18	8193031	8193072.6	41.6	572.2	358.7	792.9	127.2	6.1
	8188392.1		0	5648.2	19	8193364.6	8193389.5	24.9	819.4	106.4	1026.2	51.5	4
	8188392.1		0	5648.2	20	8193506.4	8193539.8	33.4	1084.9	55.5	674.2	56.9	8.4
	8188392.1		0	5648.2	21	8194032.1	8194040.3	8.2	595.9	75.7	594	77.1	0
	8194045.6		0	8262	1	8194332.2	8194349.2	16.9	616.1	86.9	758.7	172.6	2
	8194045.6		0	8262	2	8194482.5	8194507.5	25	784.4	173	1056.1	78.4	4.5
	8194045.6		0	8262	3	8194841.3	8194891.2	49.9	1104.6	95.3	1076.5	623.9	11.3
	8194045.6		0	8262	4	8195183.3	8195208.3	25	1017.4	657.7	837.5	667.7	3.8
	8194045.6		0	8262	5	8195483.6	8195500.2	16.6	829.2	697	665.1	698.3	2.2
	8194045.6		0	8262	6	8195650.3	8195675.5	25.1	617.1	721.3	384	787.1	3.4
	8194045.6		0	8262	7	8195892.3	8195934.1	41.7	373.2	828.3	175.2	408	8.1
	8194045.6		0	8262	8	8196242.7	8196259.3	16.6	130.9	413.5	122.4	550.1	1.8
	8194045.6		0	8262	9	8196401.2	8196418	16.7	119.2	624.4	296.1	622.6	2.7
	8194045.6		0	8262	10	8196659.8	8196718.2	58.4	312.3	631.9	279.7	123.4	15.5
	8194045.6		0	8262	11	8196985.2	8196993.6	8.4	245	141	222.6	151.8	0.3
	8194045.6		0	8262	12	8197202.1	8197268.8	66.7	255.2	177.9	925.3	104.9	17.7
	8194045.6		0	8262	13	8197569.2	8197594.2	25	941.2	67.6	1163.8	79.9	3.7
	8194045.6		0	8262	14	8197952.9	8197977.9	25	1143.4	152.3	1138	251.2	2.1
	8194045.6		0	8262	15	8198078	8198094.8	16.7	1112.3	292	1196.5	474.5	2.9
	8194045.6		0	8262	16	8198194.8	8198203.1	8.4	1224.9	544.4	1226.6	544.4	0
	8194045.6		0	8262	17	8198453.4	8198461.7	8.4	1228.1	633	1227.9	698.9	1.3
	8194045.6		0	8262	18	8198853.8	8198870.5	16.6	1234.6	762.7	1240.8	865.8	1.3
	8194045.6		0	8262	19	8199087.5	8199129.1	41.6	1290.7	875.2	701	769.7	12.4
	8194045.6		0	8262	20	8199421.1	8199429.5	8.4	632.8	752.8	569.4	801.4	0.8
	8194045.6		0	8262	21	8199654.7	8199663.1	8.4	514.3	821.8	512.5	726	0.8
	8194045.6		0	8262	22	8199830	8199863.3	33.4	480.7	720.8	302.5	842.3	4.7
	8194045.6		0	8262	23	8199996.8	8200113.6	116.7	277.9	831.8	432.7	851.1	8
	8194045.6		0	8262	24	8200213.7	8200280.4	66.8	489	874.5	678.7	707.3	8.3
	8194045.6		0	8262	25	8200372.2	8200380.8	8.6	730.1	670.3	774.4	660	0.3
	8194045.6		0	8262	26	8200555.7	8200589.1	33.4	714.7	655	647.8	192.5	9.3
	8194045.6		0	8262	27	8200689.2	8200697.5	8.3	609	155.5	566.9	153.9	0.4
	8194045.6		0	8262	28	8200797.7	8200805.9	8.2	612.7	151.5	616.1	149.4	0.1
	8194045.6		0	8262	29	8200989.5	8201006.1	16.6	622.5	170.5	769.4	157.1	2
	8194045.6		0	8262	30	8201298.2	8201323.2	25	764.9	106.3	677.4	310.9	3.1
	8194045.6		0	8262	31	8201640.3	8201656.9	16.6	666.9	333.8	667	454.6	1.9
	8194045.6		0	8262	32	8201823.8	8201832.2	8.4	726.2	473.3	795.2	473.4	0.8
	8202320.1		0	3224.3	1	8202541.2	8202557.9	16.7	819.8	470.6	795.4	374.2	2
	8202320.1		0	3224.3	2	8202783.1	8202808.1	25	798.9	341.1	970.3	247.2	2.7
	8202320.1		0	3224.3	3	8202899.9	8202908.3	8.4	935.6	215	937	214.1	0
	8202320.1		0	3224.3	4	8203041.7	8203058.5	16.8	927.5	219	712.6	221.2	2.8
	8202320.1		0	3224.3	5	8203208.6	8203233.6	25	676	225.8	464.9	249.9	3.8
	8202320.1		0	3224.3	6	8203700.8	8203725.9	25	441.6	305.3	701.6	407.5	3.9
	8202320.1		0	3224.3	7	8204009.4	8204042.8	33.4	705.3	420.8	345.5	412.4	6
	8202320.1		0	3224.3	8	8204334.8	8204351.4	16.6	314.7	388.7	265.4	203.4	2.7
	8202320.1		0	3224.3	9	8204618.4	8204718.5	100.1	243.8	172.7	969.6	110.7	21.6
	8202320.1		0	3224.3	10	8205010.5	8205043.9	33.4	977.3	109.7	1160.2	288.7	4.7
	8202320.1		0	3224.3	11	8205252.4	8205260.8	8.4	1208.5	331.5	1212	334.4	0.1
	8205547.7		0	2633	1	8205719.6	8205736.2	16.6	1223.6	343.8	1044.2	259.8	2.7
	8205547.7		0	2633	2	8205894.9	8205919.8	25	989.6	233.4	713	234.8	3.9
	8205547.7		0	2633	3	8206136.8	8206170.1	33.4	665.1	252.9	457.4	473.5	5.9
	8205547.7		0	2633	4	8206445.4	8206478.7	33.4	471.7	489.6	775.1	560.4	5.1
	8205547.7		0	2633	5	8206695.7	8206712.3	16.6	803.8	584	948.5	619.7	1.9
	8205547.7		0	2633	6	8207012.7	8207046.1	33.4	983.3	642.6	997.1	351.9	5.1
	8205547.7		0	2633	7	8207296.3	8207321.3	25	999.4	287.4	778.2	177.7	4.2
	8205547.7		0	2633	8	8207505	8207530	25	757.1	166.4	514	167	4.1
	8205547.7		0	2633	9	8207738.4	8207746.8	8.4	494.8	175.7	398.9	178.9	1.1
	8208184.4		0	780.5	1	8208330.8	8208355.9	25.1	390.7	208.2	612.6	256.7	3.5
	8208184.4		0	780.5	2	8208614.4	8208622.8	8.4	670.1	268.5	660.6	323.8	0.6
	8208184.4		0	780.5	3	8208798	8208806.3	8.2	628.9	384.1	629.5	388.9	0.1
	8208965.2		0	667.1	1	8209315.1	8209323.6	8.5	623.5	476.7	625.7	502.3	0.7
	8209639.6		0	1010.4	1	8209940.9	8209974.2	33.4	630.2	501.8	893.4	274	6.5
	8209639.6		0	1010.4	2	8210224.5	8210241.2	16.8	924.4	248.6	1073.4	245	2.2
	8209639.6		0	1010.4	3	8210408.1	8210499.8	91.7	1126	241.5	1146.3	278.3	5.9
	8210657.2		0	626.8	1	8210875.2	8210891.9	16.7	1117.7	290.6	933.7	296.5	2
	8210657.2		0	626.8	2	8211008.7	8211025.3	16.6	930.7	298.9	1110.9	294.1	2
	8211288.2		0	4625.8	1	8211601	8211634.4	33.4	1098.6	261.2	699.4	418	8.6
	8211288.2		0	4625.8	2	8211817.9	8211892.9	75	655.5	458.2	665.6	501.1	1.8
	8211288.2		0	4625.8	3	8212043.2	8212076.6	33.4	649.3	554.2	307.6	578.3	6.4
	8211288.2		0	4625.8	4	8212326.8	8212360.1	33.3	289.8	601.3	283.2	180.2	8
	8211288.2		0	4625.8	5	8212702.1	8212785.6	83.5	279.8	232	990.4	238	18
	8211288.2		0	4625.8	6	8213044.2	8213077.6	33.4	989	197.6	526.9	150.8	9.3
	8211288.2		0	4625.8	7	8213236.1	8213252.7	16.6	453	139.7	295.2	120.5	1.8
	8211288.2		0	4625.8	8	8213419.7	8213428	8.3	299	114.4	312.6	113.5	0.3
	8211288.2		0	4625.8	9	8213686.6	8213736.6	50	292.6	124.3	676.4	187.5	9.5
	8211288.2		0	4625.8	10	8213961.9	8214053.6	91.7	694.6	181.1	175.7	741.8	24.8
	8211288.2		0	4625.8	11	8214329	8214370.7	41.8	181.4	723.2	615.8	730.3	8.3
	8211288.2		0	4625.8	12	8214570.9	8214604.2	33.2	616.2	739.2	1006.7	753.4	6.4
	8211288.2		0	4625.8	13	8214687.7	8214721.1	33.4	1045.5	763.9	1045.8	764.9	2.8
	8211288.2		0	4625.8	14	8214837.8	8214896.2	58.4	1043.8	768.1	1199.6	757.8	7.2
	8211288.2		0	4625.8	15	8215238.3	8215263.3	25	1255.9	751.4	1253.7	510.9	3.6
	8215914.7		0	808.8	1	8216089.2	8216114.3	25	1232	468.1	1012.8	423.4	4.4
	8215914.7		0	808.8	2	8216314.4	8216339.5	25.1	1005.3	387.1	1207.5	318.8	3.5
	8215914.7		0	808.8	3	8216498	8216506.3	8.3	1257.9	280.5	1273.9	280.8	0.2
	8216730.9		0	3120.8	1	8216965.1	8216998.5	33.4	1310.9	250.9	893.7	298	8.3
	8216730.9		0	3120.8	2	8217591.1	8217599.1	8	339.3	375.1	349.8	411.9	0.4
	8216730.9		0	3120.8	3	8217741	8217774.4	33.4	385.6	434.1	786.4	471.4	8
	8216730.9		0	3120.8	4	8218083	8218091.3	8.4	846.6	502.5	846.7	503.9	0
	8216730.9		0	3120.8	5	8218325	8218400	75.1	848.5	549	883.2	654.6	6.4
	8216730.9		0	3120.8	6	8218516.8	8218525.2	8.4	849.9	682.2	807.4	722	0.7
	8216730.9		0	3120.8	7	8218692.1	8218742.1	50	815.6	732.9	918.1	152.6	12.3
	8216730.9		0	3120.8	8	8219075.8	8219100.8	25	955	155.4	1225.5	157.3	4.9
	8216730.9		0	3120.8	9	8219275.9	8219326.1	50.1	1209.1	195.9	511.5	165.5	14.7
	8219857.6		0	2046.3	1	8220118.5	8220135.3	16.8	558.5	148.9	716.5	251.1	3.7
	8219857.6		0	2046.3	2	8220368.9	8220385.5	16.6	774.7	288.3	919.4	308.3	1.8
	8219857.6		0	2046.3	3	8220619.1	8220710.9	91.8	927	347.1	1134.6	394.7	6.4
	8219857.6		0	2046.3	4	8220852.7	8220952.7	100	1109.6	414.7	703.5	311.9	13
	8219857.6		0	2046.3	5	8221194.7	8221228.1	33.4	653.2	312	384.7	470.1	6.8
	8219857.6		0	2046.3	6	8221461.7	8221487	25.3	382.8	511.8	199.5	536	3.2
	8219857.6		0	2046.3	7	8221628.6	8221636.9	8.3	181	568.9	125.1	556.1	0.5
	8219857.6		0	2046.3	8	8221795.3	8221903.9	108.5	147.6	568.9	60.4	541.8	4.9
	8221905.6		0	1916.9	1	8221912.2	8221945.6	33.4	210	533.8	583.4	346.7	7.9
	8221905.6		0	1916.9	2	8222404.3	8222437.7	33.4	594.5	344.1	168	542.6	9.1
	8221905.6		0	1916.9	3	8222971.7	8223013.4	41.8	134	575.7	597.6	337.7	10.3
	8221905.6		0	1916.9	4	8223255.3	8223305.3	50	604.2	338.7	657.6	704.8	8.4
	8221905.6		0	1916.9	5	8223614	8223622.4	8.4	668.1	769.4	667.7	773.8	0.1
	8223826		0	2274.1	1	8224097.8	8224131.2	33.4	653.2	725.5	767.3	287	9.5
	8223826		0	2274.1	2	8224473.3	8224515	41.7	799.4	269.8	1141.9	133.2	7
	8223826		0	2274.1	3	8224790.3	8224798.6	8.4	1149.5	132	1168.5	101.3	0.5
	8223826		0	2274.1	4	8224957.1	8225007.2	50.1	1115.4	123	366.6	154.4	17.2
	8223826		0	2274.1	5	8225332.6	8225349.2	16.6	299.5	182.2	300	327.3	1.9
	8223826		0	2274.1	6	8225616.2	8225624.6	8.4	279.9	372.5	391.7	401.1	1.1
	8223826		0	2274.1	7	8225716.3	8225732.9	16.6	442.9	434.8	334.6	496.6	1.7
	8223826		0	2274.1	8	8225849.9	8225874.8	25	282.4	532	225.7	539.3	1.2
	8226107.3		0	2270.2	1	8226258.5	8226291.9	33.4	218.8	573.2	609	336.6	8.8
	8226107.3		0	2270.2	2	8226676	8226700.7	24.7	615.9	365.9	356.9	520.2	4.6
	8226107.3		0	2270.2	3	8226950.9	8226967.7	16.8	362.1	546.6	239.2	668.6	2.5
	8226107.3		0	2270.2	4	8227192.9	8227251.3	58.3	249.4	697.3	440.7	208.1	11.6
	8226107.3		0	2270.2	5	8227476.5	8227543.3	66.7	495.6	187.7	1078	159.8	16.7
	8226107.3		0	2270.2	6	8227851.8	8227968.7	116.9	1059.5	170.7	1281.5	419.2	10.8
	8226107.3		0	2270.2	7	8228135.6	8228143.9	8.3	1319.5	375.3	1322.2	353.2	0.3
	8228378.2		0	4320.6	1	8228544.3	8228569.3	25	1308.8	343.8	1006.7	348.7	5.2
	8228378.2		0	4320.6	2	8228778	8228819.6	41.6	987.2	333.3	671.8	464.2	6.8
	8228378.2		0	4320.6	3	8229070	8229095	25	620.9	471.5	378.6	520	4.9
	8228378.2		0	4320.6	4	8229436.9	8229453.7	16.8	338.6	569.4	215.4	453.3	2.3
	8228378.2		0	4320.6	5	8229787.3	8229854.1	66.8	161.8	420.3	176.2	72.7	8
	8228378.2		0	4320.6	6	8229979.2	8229987.6	8.4	176.8	131.2	169.4	129.6	0.2
	8228378.2		0	4320.6	7	8230071.1	8230146.1	75	145.6	117.2	717.4	542.5	20.5
	8228378.2		0	4320.6	8	8230404.7	8230429.6	24.9	731.6	580.4	953.3	674.4	3.6
	8228378.2		0	4320.6	9	8230629.9	8230688.3	58.4	979.2	713.1	1100.5	170.3	13.2
	8228378.2		0	4320.6	10	8231080.4	8231097.2	16.8	1113.4	167.4	1108.1	336.2	2
	8228378.2		0	4320.6	11	8231389.1	8231422.5	33.4	1058.6	370.9	651.5	236	8.4
	8228378.2		0	4320.6	12	8231998.1	8232023.2	25.1	632	265.4	533.6	540.1	4.4
	8228378.2		0	4320.6	13	8232215	8232231.7	16.8	522.5	594.8	518.2	635.8	1.2
	8232704.4		0	920.5	1	8232707.2	8232807.3	100.1	483.2	613.8	611.2	364.9	7.7
	8232704.4		0	920.5	2	8233174.3	8233199.5	25.1	636.3	378.8	792	562.3	4.5
	8232704.4		0	920.5	3	8233349.6	8233358	8.4	790.1	597.8	798.8	652.4	0.6
	8233631.1		0	1662.3	1	8233841.8	8233866.8	25	831.5	659.2	761.8	403.1	4.6
	8233631.1		0	1662.3	2	8234150.4	8234175.4	25	759.9	370	989.6	484.7	4.4
	8233631.1		0	1662.3	3	8234375.7	8234417.4	41.7	1038	530	1202.9	161.2	8
	8233631.1		0	1662.3	4	8234709.4	8234751	41.6	1202.1	235.7	1258.4	808.7	12.6
	8233631.1		0	1662.3	5	8234976.3	8234984.6	8.4	1269.8	774.5	1270.4	759.2	0.6
	8235294.5		0	766.5	1	8235426.7	8235476.9	50.1	1243.3	716.4	865.5	374.2	11.1
	8235294.5		0	766.5	2	8235702.1	8235710.5	8.4	876.6	373.6	944	364.6	0.9
	8236067.6		0	685.7	1	8236344.4	8236369.4	25	985.2	359.1	776.5	368	3.4
	8236067.6		0	685.7	2	8236494.6	8236511.3	16.8	736.5	392.9	703.7	381.6	1.2
	8236753.4		0	1201.1	1	8237111.9	8237120.3	8.3	684.2	368.8	696.9	297	0.9
	8236753.4		0	1201.1	2	8237320.5	8237345.6	25	698.7	260.1	448.8	172.9	4.5
	8236753.4		0	1201.1	3	8237579.2	8237604.2	25	404	156.3	559.2	172.3	2.8
	8236753.4		0	1201.1	4	8237796	8237804.4	8.4	517.4	192.5	515.6	192.4	0.1
	8237959.7		0	8604.2	1	8238221.5	8238229.9	8.4	540.8	222.9	608.2	238	0.8
	8237959.7		0	8604.2	2	8238338.3	8238380	41.7	615.5	283	218.7	243.8	8.4
	8237959.7		0	8604.2	3	8238655.2	8238688.6	33.4	231.8	235.8	669.6	347.3	10.7
	8237959.7		0	8604.2	4	8238930.6	8238955.7	25.1	725.6	367.8	913.7	574.2	4.2
	8237959.7		0	8604.2	5	8239130.9	8239139.2	8.3	954.1	627.3	854.8	634.5	0.9
	8237959.7		0	8604.2	6	8239239.3	8239247.6	8.3	822.9	685.2	821.9	685.6	0
	8237959.7		0	8604.2	7	8239372.7	8239406.1	33.4	844	645.1	1005.5	208.3	8.5
	8237959.7		0	8604.2	8	8239673.1	8239681.5	8.4	1043.8	173.5	1044.6	172	0
	8237959.7		0	8604.2	9	8239789.8	8239798.2	8.4	1045.5	172.9	1058.2	288.4	1
	8237959.7		0	8604.2	10	8240015.1	8240040.1	25	1087.9	351.2	1228.2	534.6	3.5
	8237959.7		0	8604.2	11	8240223.7	8240298.7	75	1251.7	581.2	364.6	741.5	22.9
	8237959.7		0	8604.2	12	8240682.4	8240707.6	25.1	338.5	804.1	582.8	802.3	3.7
	8237959.7		0	8604.2	13	8240924.4	8240932.8	8.4	644.9	816.2	667.4	810.4	0.3
	8237959.7		0	8604.2	14	8241058	8241091.3	33.4	646.4	810.9	405.2	463.3	7.1
	8237959.7		0	8604.2	15	8241366.5	8241393.2	26.7	400.9	449	219.4	617.2	3.7
	8237959.7		0	8604.2	16	8241616.8	8241633.5	16.8	211.4	663.4	160.4	743.4	1.2
	8237959.7		0	8604.2	17	8241917.1	8241958.9	41.8	135.8	768	150.3	232.1	10.5
	8237959.7		0	8604.2	18	8242300.9	8242309.3	8.4	141.3	292.7	142.3	352.5	0.9
	8237959.7		0	8604.2	19	8242492.8	8242526.1	33.3	159.3	411	209.3	135.9	5.2
	8237959.7		0	8604.2	20	8242617.8	8242626.4	8.5	182.2	125.2	145.8	115.1	0.4
	8237959.7		0	8604.2	21	8242751.4	8242826.5	75.2	140.6	127	914.4	126.4	20.8
	8237959.7		0	8604.2	22	8242926.6	8242935	8.4	994.5	106.9	992.8	106.4	0
	8237959.7		0	8604.2	23	8243285.4	8243302	16.6	990.2	95.5	852.2	98.1	2.1
	8237959.7		0	8604.2	24	8243602.4	8243610.7	8.4	784.8	78.5	754.5	75.1	0.1
	8237959.7		0	8604.2	25	8243752.4	8243785.8	33.4	776.5	79.7	428.3	80	7
	8237959.7		0	8604.2	26	8244069.4	8244077.8	8.4	396.6	126	396.9	127.4	0
	8237959.7		0	8604.2	27	8244169.6	8244202.9	33.4	432.8	160	778.6	322	7.9
	8237959.7		0	8604.2	28	8244478.5	8244495.2	16.7	799.9	352.2	792.7	428.8	1.1
	8237959.7		0	8604.2	29	8244645.3	8244661.8	16.5	797.2	436.8	1019.4	505.9	3.1
	8237959.7		0	8604.2	30	8244845.4	8244853.7	8.3	1067.5	551.6	1017.1	553.5	0.3
	8237959.7		0	8604.2	31	8244945.5	8244987.1	41.6	1065.8	557.8	1160.1	711	4.3
	8237959.7		0	8604.2	32	8245095.7	8245229.1	133.4	1184.8	719.5	853.7	750.4	15
	8237959.7		0	8604.2	33	8245312.6	8245345.9	33.3	851.7	743.5	862.9	717.3	1.9
	8237959.7		0	8604.2	34	8245446	8245496	50	881.4	752.8	1272.5	132.7	15
	8237959.7		0	8604.2	35	8245788	8245813	25	1227.9	163.5	1231.1	174.4	1.2
	8237959.7		0	8604.2	36	8246004.9	8246038.3	33.4	1226.4	256.2	1326.2	460.5	3.9
	8246571.2		0	3004.4	1	8246755.7	8246789.1	33.4	1349.2	465.2	957.2	338.7	7.4
	8246571.2		0	3004.4	2	8247072.7	8247114.5	41.8	966.9	310.3	522.6	305.5	9.5
	8246571.2		0	3004.4	3	8247398.1	8247456.5	58.4	488.1	296.6	1083.5	135.8	15
	8246571.2		0	3004.4	4	8247548.3	8247573.3	25.1	1122.4	134.4	1112	139.7	1.9
	8246571.2		0	3004.4	5	8247665.1	8247673.4	8.4	1147.2	139.7	1209.3	137.8	1
	8246571.2		0	3004.4	6	8247898.7	8247940.3	41.6	1247.9	159.6	1171.2	560	8.3
	8246571.2		0	3004.4	7	8248240.7	8248282.5	41.8	1150.4	562.9	612.4	567.1	13
	8246571.2		0	3004.4	8	8248407.6	8248415.9	8.4	619.7	585.3	622.3	594.3	0.1
	8246571.2		0	3004.4	9	8248599.4	8248632.8	33.4	618	598.6	403.7	612.5	4
	8246571.2		0	3004.4	10	8248716.2	8248724.6	8.4	471.4	628.8	471.9	633.3	0.2
	8246571.2		0	3004.4	11	8248808	8248816.3	8.3	408.5	607.9	400.2	605.7	0.3
	8246571.2		0	3004.4	12	8248899.8	8248908.1	8.3	422.6	607.3	425.9	613	0.2
	8246571.2		0	3004.4	13	8249024.9	8249083.3	58.4	416.9	613.8	207.4	183.2	14.2
	8246571.2		0	3004.4	14	8249341.9	8249350.3	8.4	178.1	214.7	174.7	220.8	0.2
	8249575.6		0	1743.4	1	8249934.1	8249975.9	41.7	1119.8	757.1	823.1	275.1	29.4
	8249575.6		0	1743.4	2	8250167.8	8250184.6	16.8	869	313.5	752	495.2	2.8
	8249575.6		0	1743.4	3	8250426.4	8250459.7	33.4	362.2	514.2	351.3	236.9	18.5
	8249575.6		0	1743.4	4	8250660	8250668.3	8.4	306.7	290.1	304.3	295.7	0.1
	8249575.6		0	1743.4	5	8250751.7	8250768.5	16.7	298.5	306.8	223.8	478.9	2.4
	8249575.6		0	1743.4	6	8250935.3	8250952	16.7	197.5	536.5	132.7	573	1
	8249575.6		0	1743.4	7	8251252.3	8251319.1	66.7	108.4	616.7	627.5	354	15.9
	8251323		0	4384	1	8251661	8251853	192	668.9	336.1	929.2	648.9	81.7
	8251323		0	4384	2	8252103.2	8252278.4	175.2	382.3	363	369.4	413	80
	8251323		0	4384	3	8252470.3	8252478.7	8.4	376.9	374.4	373	275.8	1
	8251323		0	4384	4	8252720.5	8252753.9	33.4	344.2	291.8	152.2	539.7	5
	8251323		0	4384	5	8252979.5	8252996.2	16.7	211.1	557.2	202.1	687.1	1.8
	8251323		0	4384	6	8253096	8253104.2	8.3	179.4	760.4	177.7	762.2	0.1
	8251323		0	4384	7	8253237.7	8253271.1	33.4	202	717.2	273.5	513.4	5.8
	8251323		0	4384	8	8253521.4	8253529.8	8.4	265.1	481	261	377.4	1.1
	8251323		0	4384	9	8253738.3	8253763.4	25.2	216.9	340.3	220.9	156.7	2.7
	8251323		0	4384	10	8253880.1	8253888.5	8.4	157.7	157.9	157.4	160.5	0.1
	8251323		0	4384	11	8254030.2	8254163.7	133.5	176.9	117.7	819.9	129.7	20.7
	8251323		0	4384	12	8254322.2	8254330.6	8.4	815.4	106.7	807.2	104.1	0.1
	8251323		0	4384	13	8254447.4	8254464.1	16.7	822.2	126.1	817.2	266.9	1.7
	8251323		0	4384	14	8254656	8254689.4	33.4	816.6	298.2	1183.9	316.7	7
	8251323		0	4384	15	8254998	8255006.4	8.4	1196	347.3	1199.2	445.3	1
	8251323		0	4384	16	8255198.2	8255215	16.8	1208.8	517.1	1266.3	502.5	0.9
	8251323		0	4384	17	8255331.7	8255340.1	8.4	1280	462.1	1195.3	456.6	0.7
	8255711.6		0	1313.8	1	8255957.4	8256057.4	100	1183.5	396.6	466.1	271.5	18.6
	8255711.6		0	1313.8	2	8256374.6	8256382.8	8.2	540	256.5	654.8	251.1	2
	8255711.6		0	1313.8	3	8256399.6	8256474.7	75.1	796.2	916.2	940.4	358.2	34.9
	8255711.6		0	1313.8	4	8256666.5	8256674.8	8.2	919.7	419.4	918	434.4	0.3
	8257025.4		0	709	1	8257300.5	8257400.6	100.1	925.9	455.3	899.8	283	9.3
	8257025.4		0	709	2	8257542.4	8257550.7	8.3	946.3	267.9	995.9	269.5	0.4
	8257735.3		0	1717.5	1	8258026.2	8258059.6	33.4	991.3	298.1	600.3	281.6	7.6
	8257735.3		0	1717.5	2	8258284.8	8258310	25.1	564.8	267.1	393	432.3	4.3
	8257735.3		0	1717.5	3	8258468.5	8258501.9	33.4	375.6	475.4	230.5	187.8	5.3
	8257735.3		0	1717.5	4	8258818.8	8258852.2	33.4	232	183.3	678	171.6	7.8
	8257735.3		0	1717.5	5	8258977.3	8259002.3	25	720.2	146.6	485.6	136.9	3.7
	8257735.3		0	1717.5	6	8259119.2	8259127.4	8.2	436.1	133.8	360.1	134.4	0.6
	8259462.9		0	2676.1	1	8259602.9	8259636.4	33.5	328.2	145.3	710.7	192.4	7.1
	8259462.9		0	2676.1	2	8259878.3	8259895.4	17.1	737.8	205.8	882.1	205.4	2.1
	8259462.9		0	2676.1	3	8260120.3	8260178.7	58.4	967.9	214	1104.2	441	5.7
	8259462.9		0	2676.1	4	8260495.7	8260512.3	16.6	1102.9	457.5	987.5	589.1	2.4
	8259462.9		0	2676.1	5	8260737.5	8260762.7	25.1	964.5	638.8	641.6	644.5	5.2
	8259462.9		0	2676.1	6	8261012.9	8261087.9	75	562.3	641	633	629.7	1.9
	8259462.9		0	2676.1	7	8261263.1	8261271.5	8.4	656.4	588.4	654.9	658.9	0.8
	8259462.9		0	2676.1	8	8261480	8261521.7	41.7	648	707.9	347.7	221.7	10.2
	8259462.9		0	2676.1	9	8261772	8261788.7	16.8	330.7	226.1	205.4	227.1	1.9
	8259462.9		0	2676.1	10	8262039	8262047.5	8.5	166.1	286.5	166.9	287.4	0
	8262142.3		0	1948.8	1	8262147.9	8262172.5	24.5	282.2	290.4	597.5	264	5.2
	8262142.3		0	1948.8	2	8262631.4	8262664.8	33.3	658.4	246.1	262.1	248.1	7.5
	8262142.3		0	1948.8	3	8262931.6	8262940	8.4	220.9	286.8	156.4	285.6	0.6
	8262142.3		0	1948.8	4	8263106.8	8263131.8	25	166.4	334.4	425.8	477.2	4.6
	8262142.3		0	1948.8	5	8263415.4	8263465.6	50.2	454.6	496.9	971.2	594.1	11.5
	8262142.3		0	1948.8	6	8263565.7	8263624	58.4	983.1	639.5	476.8	387.5	16.9
	8262142.3		0	1948.8	7	8263857.7	8263865.9	8.2	419.6	393.3	422.3	399.7	0.2
	8264096.1		0	2598	1	8264349.8	8264374.9	25.1	444.3	426.5	676.3	325	3.6
	8264096.1		0	2598	2	8264600.1	8264641.7	41.6	685.1	289.9	960.2	395.9	5.9
	8264096.1		0	2598	3	8264850.4	8264867	16.6	1003.4	427.5	1148.4	354.1	2.2
	8264096.1		0	2598	4	8265067.3	8265084	16.8	1195.8	336.6	1045.5	544.2	3.3
	8264096.1		0	2598	5	8265242.5	8265259.1	16.6	1004.5	599.2	1242.3	806.3	11.6
	8264096.1		0	2598	6	8265342.6	8265375.9	33.3	785.6	328.9	675.9	355.3	18.9
	8264096.1		0	2598	7	8265684.6	8265809.7	125.1	695.9	394.8	412.3	214.6	13.6
	8264096.1		0	2598	8	8265968.2	8265976.6	8.4	404.8	164.8	302.5	158.6	0.8
	8264096.1		0	2598	9	8266135.1	8266151.7	16.7	262.5	147.8	178.2	267.5	1.9
	8264096.1		0	2598	10	8266335.3	8266343.6	8.3	159.5	302	165.8	379.9	0.6
	8266697.2		0	3301.6	1	8266860.8	8266894.2	33.3	192.2	389	630.8	328.5	8.7
	8266697.2		0	3301.6	2	8267144.5	8267186.2	41.6	653.4	322.1	981.3	519.5	8.8
	8266697.2		0	3301.6	3	8267469.9	8267494.9	25	979.9	529.2	645.6	611.2	5.2
	8266697.2		0	3301.6	4	8267828.5	8267836.9	8.3	585.7	643.6	601.7	657.2	0.3
	8266697.2		0	3301.6	5	8268028.8	8268053.8	25	644.6	677.2	710.2	380.4	4.7
	8266697.2		0	3301.6	6	8268287.4	8268304.1	16.7	740.9	330.4	742.8	216.2	1.8
	8266697.2		0	3301.6	7	8268546	8268646.2	100.2	757.4	152.4	928.7	112.1	37.5
	8266697.2		0	3301.6	8	8268838	8268888.1	50.1	955.9	152.3	1159.7	180.5	3.8
	8266697.2		0	3301.6	9	8269188.3	8269205.1	16.7	1129.2	226.1	1246	279.6	1.8
	8266697.2		0	3301.6	10	8269346.9	8269355.2	8.4	1281.8	335.4	1282.2	339.3	0.1
	8266697.2		0	3301.6	11	8269488.7	8269563.9	75.1	1277.5	343.8	283.4	285	24.3
	8266697.2		0	3301.6	12	8269805.7	8269814.1	8.3	214.3	265.8	201.7	264.9	0.5
	8270000.8		0	1156.4	1	8270289.5	8270306.3	16.7	233.6	264.5	442.3	343.4	3.4
	8270000.8		0	1156.4	2	8270548.3	8270615	66.7	504.5	371	467.8	501.2	3.3
	8270000.8		0	1156.4	3	8270715.1	8270765.1	50	439.7	564.8	441.5	787.1	4.3
	8271161.6		0	2264.8	1	8271315.7	8271357.4	41.7	432.4	786.7	574	261.4	9.3
	8271161.6		0	2264.8	2	8271716.6	8271724.5	8	607.2	267	610.8	377.5	1.1
	8271161.6		0	2264.8	3	8271883	8271891.2	8.2	619.4	455.2	618.5	458.3	0
	8271161.6		0	2264.8	4	8271974.8	8271991.4	16.6	573	451.8	425.8	439.9	2.3
	8271161.6		0	2264.8	5	8272258.4	8272275	16.6	408.3	418.2	448.4	584.6	2.2
	8271161.6		0	2264.8	6	8272517	8272533.6	16.6	489	588.8	689	591.7	2.6
	8271161.6		0	2264.8	7	8272692.2	8272725.5	33.3	742.1	607.3	1049.1	475.5	6.4
	8271161.6		0	2264.8	8	8272892.3	8272917.5	25.1	1050.9	480.2	1146.4	678.4	4.2
	8271161.6		0	2264.8	9	8273050.8	8273076	25.1	1171.1	721.6	1279.1	592.8	3.8
	8273426.4		0	1034.4	1	8273609.8	8273643.2	33.4	1278.1	553	865.6	356	9.2
	8273426.4		0	1034.4	2	8273985.2	8274002	16.8	840.7	348.4	947.7	363.4	1.4
	8274462.7		0	1224.5	1	8274777.8	8274819.5	41.7	971.9	424.1	529.1	399.4	9.1
	8274462.7		0	1224.5	2	8275111.4	8275136.5	25.1	481.5	389.4	410.5	599	4
	8274462.7		0	1224.5	3	8275286.7	8275311.7	25	376.8	602.7	325.7	577.7	1.2
	8274462.7		0	1224.5	4	8275420.2	8275436.8	16.6	251.3	585	256.7	600.9	0.9
	8275694		0	3263.3	1	8275695.6	8275728.7	33.1	319.8	534.6	669.5	369.8	7.9
	8275694		0	3263.3	2	8275979.1	8275987.4	8.2	666.5	379	923.3	926.9	5.2
	8275694		0	3263.3	3	8276271.1	8276304.4	33.2	635.3	340.1	295.7	507	6.4
	8275694		0	3263.3	4	8276521.4	8276529.8	8.5	269.2	577	266.2	601.9	0.4
	8275694		0	3263.3	5	8276654.8	8276704.9	50	260.4	625.7	922.1	420.1	14.8
	8275694		0	3263.3	6	8276938.5	8276963.5	25	979.2	394.8	1064.5	267.9	3.1
	8275694		0	3263.3	7	8277188.7	8277205.5	16.7	1094.5	231.8	1181.4	81	2.2
	8275694		0	3263.3	8	8277380.6	8277422.3	41.8	1178.1	82.7	629.2	116	10.9
	8275694		0	3263.3	9	8277647.6	8277664.2	16.6	631	113.9	493.2	114.2	2
	8275694		0	3263.3	10	8277756	8277789.4	33.4	428.5	139.1	179	137.8	4.7
	8275694		0	3263.3	11	8278014.6	8278031.3	16.8	188.1	170.7	177.2	320.9	1.8
	8275694		0	3263.3	12	8278206.4	8278256.5	50.1	155.8	342.2	729	611.6	13.7
	8275694		0	3263.3	13	8278365.2	8278473.4	108.2	778	654.4	162.5	244.1	17.4
	8275694		0	3263.3	14	8278690.3	8278707	16.8	208.8	259.7	202.2	318.1	1.2
	8278962.8		0	887.2	1	8279065.9	8279090.8	25	227.3	370.3	586.9	363.8	7.5
	8278962.8		0	887.2	2	8279182.6	8279190.9	8.2	657.3	334.7	656.2	331.3	0.1
	8278962.8		0	887.2	3	8279399.5	8279424.5	25	662.6	329.6	962.1	479.5	5.1
	8278962.8		0	887.2	4	8279532.9	8279541.3	8.3	1013.5	525.3	1013.9	527.4	0.1
	8278962.8		0	887.2	5	8279800.1	8279850	49.9	1039.4	494.5	1035.7	497.2	0.7
	8279853.6		0	2457.4	1	8280133.6	8280183.6	50	1034.3	496.1	525.5	347	12.8
	8279853.6		0	2457.4	2	8280509	8280542.4	33.4	518.2	328	271.4	333.4	4.5
	8279853.6		0	2457.4	3	8280684.2	8280692.4	8.2	239	342.3	188.4	338.1	0.7
	8279853.6		0	2457.4	4	8280892.7	8280917.7	25	172.7	341.6	252.3	633.9	4.3
	8279853.6		0	2457.4	5	8281193.1	8281251.4	58.3	309.8	660.9	970.7	138	21.4
	8279853.6		0	2457.4	6	8281593.4	8281610.2	16.8	1025.3	148.4	1071.9	325.8	2.9
	8279853.6		0	2457.4	7	8281713.3	8281718.7	5.4	1106.3	390.1	1107.9	391.2	0
	8279853.6		0	2457.4	8	8281843.8	8281860.4	16.6	1127.4	381.5	1210	118.3	3.6
	8279853.6		0	2457.4	9	8282019.6	8282027.3	7.7	1204.6	90.9	1203.1	91.4	0.1
	8282311.5		0	958.8	1	8282519.5	8282552.9	33.4	1216.4	83.1	820	241.1	7.8
	8282311.5		0	958.8	2	8282719.6	8282769.8	50.1	824.1	262.2	1320.3	20.3	10.8
	8282311.5		0	958.8	3	8282861.5	8283028.4	166.9	1286.2	77.4	1419	53.5	11.5
	8283277.9		0	2912.2	1	8283278.7	8283495.5	216.8	1424.6	76.7	711.3	427	32.6
	8283277.9		0	2912.2	2	8283795.8	8283812.7	16.8	689.4	379.7	847.1	462.2	2.3
	8283277.9		0	2912.2	3	8283946	8284004.5	58.5	883	508.7	111.2	490	18.3
	8283277.9		0	2912.2	4	8284254.7	8284321.5	66.7	125.7	479.4	836	483.8	17.6
	8283277.9		0	2912.2	5	8284588.4	8284613.5	25	832.7	506.4	868.2	640.7	2.7
	8283277.9		0	2912.2	6	8284830.3	8284847.1	16.7	902.1	626.4	952.6	440.7	3.3
	8283277.9		0	2912.2	7	8285047.2	8285080.6	33.4	970.4	436.5	540.2	683.6	9.3
	8283277.9		0	2912.2	8	8285447.7	8285522.8	75.1	499	726.9	1189.1	108.1	22
	8283277.9		0	2912.2	9	8285714.7	8285731.4	16.7	1156.6	93.9	963.9	89.6	1.8
	8283277.9		0	2912.2	10	8285823	8285839.8	16.8	1034.5	109.8	929.3	46.5	1.7
	8283277.9		0	2912.2	11	8285939.9	8285948.2	8.3	879.4	20	963.8	21.6	0.6
	8283277.9		0	2912.2	12	8286156.8	8286190.2	33.4	959.1	28.3	941.2	30.4	1.9
	8286190.8		0	641.8	1	8286215.1	8286331.9	116.7	915	33.5	1003	61	4.9
	8286190.8		0	641.8	2	8286432	8286490.5	58.5	1030.4	28.8	638.8	34.6	9.6
	8286837.2		0	1204.9	1	8287099.5	8287132.9	33.4	615.6	71.1	634.7	486.6	6.8
	8286837.2		0	1204.9	2	8287441.5	8287474.8	33.4	672.7	514.1	277.9	495	6.6
	8286837.2		0	1204.9	3	8287675.1	8287683.5	8.4	214.7	473.7	197.4	475.3	0.4
	8288047.3		0	720.7	1	8288225.7	8288275.7	50	166.6	475	650.6	327.7	12
	8288047.3		0	720.7	2	8288459.2	8288467.6	8.4	649.3	313.7	571.4	312.2	0.8
	8288773.6		0	27474.1	1	8289085	8289118.3	33.3	502.9	296.5	761.6	357.5	5
	8288773.6		0	27474.1	2	8289260	8289310.2	50.1	766.6	368.8	184.6	526.9	14.1
	8288773.6		0	27474.1	3	8289552.1	8289635.5	83.4	206	541.1	941.7	276.3	19.3
	8288773.6		0	27474.1	4	8289752.4	8289760.7	8.3	949.6	311.3	1023.2	312.7	0.4
	8288773.6		0	27474.1	5	8289960.9	8289994.3	33.3	959.6	308.8	1148.4	179.8	5.1
	8288773.6		0	27474.1	6	8290086	8290094.4	8.4	1166	128.8	1168.6	127.1	0.1
	8288773.6		0	27474.1	7	8290211.1	8290328	116.9	1181.9	185.5	1196.7	595.8	15.9
	8288773.6		0	27474.1	8	8290478.1	8290578.4	100.3	1219.7	647.5	943.5	663	11.3
	8288773.6		0	27474.1	9	8290695	8290820.1	125.1	933.9	710	727.1	640	11.3
	8288773.6		0	27474.1	10	8290937	8291170.5	233.5	723.6	599.8	385.2	114.9	20.7
	8288773.6		0	27474.1	11	8291370.7	8291379.1	8.4	415.3	160.3	305.3	176.4	0.7
	8288773.6		0	27474.1	12	8291754.5	8291796.2	41.7	319.3	245.2	404.6	563.4	7.8
	8288773.6		0	27474.1	13	8291954.7	8291963.1	8.4	399.4	548.4	381.3	546.5	0.2
	8288773.6		0	27474.1	14	8292054.8	8292079.8	25	388.2	525.2	266.5	716.1	3.9
	8288773.6		0	27474.1	15	8292346.8	8292355.2	8.4	249.9	743.3	208.7	742.2	0.5
	8288773.6		0	27474.1	16	8292471.9	8292496.9	25	172	734.7	428.6	793.3	3.9
	8288773.6		0	27474.1	17	8292739	8292805.7	66.7	440.6	822.4	243.8	186.3	26.5
	8288773.6		0	27474.1	18	8293022.5	8293030.9	8.4	206.4	159.9	140.4	159.8	0.5
	8288773.6		0	27474.1	19	8293247.8	8293297.8	50	145	190.3	554.6	222.8	9.8
	8288773.6		0	27474.1	20	8293489.7	8293531.5	41.9	540.1	207	931.3	110.9	8.1
	8288773.6		0	27474.1	21	8293906.8	8293931.9	25.1	911.5	64.3	690	46.5	3.4
	8288773.6		0	27474.1	22	8294140.4	8294148.7	8.4	664.5	45.4	604.3	47.1	0.6
	8288773.6		0	27474.1	23	8294390.6	8294524.1	133.5	512.9	48.3	1071.5	177.8	18.7
	8288773.6		0	27474.1	24	8294849.5	8294891.2	41.8	1082.4	168.2	1140.6	574.1	8
	8288773.6		0	27474.1	25	8295183.2	8295208.2	25	1145.1	578.9	1144.8	721	2.9
	8288773.6		0	27474.1	26	8295542	8295567	25	1144	746.9	851.3	793.7	5.5
	8288773.6		0	27474.1	27	8295884	8295942.3	58.4	803.1	811.6	1091.4	330.8	15.3
	8288773.6		0	27474.1	28	8296292.7	8296301.1	8.4	1093.9	409.2	1096.8	415.1	0.3
	8288773.6		0	27474.1	29	8296534.7	8296559.7	25	1107.1	433.4	1227	223.2	3.8
	8288773.6		0	27474.1	30	8296693.2	8296726.5	33.4	1243.6	218.9	808	436.1	9.4
	8288773.6		0	27474.1	31	8297110.3	8297152.1	41.8	815.4	431.6	1219.3	259.3	9.3
	8288773.6		0	27474.1	32	8297452.3	8297460.6	8.4	1219.3	247.4	1246.9	177.2	0.7
	8288773.6		0	27474.1	33	8297644.3	8297811	166.7	1254.6	150.8	1256.7	539.3	18.4
	8288773.6		0	27474.1	34	8298061.4	8298078	16.6	1236.2	596.5	1192.5	599.2	0.9
	8288773.6		0	27474.1	35	8298353.3	8298370	16.7	1111	611.5	1073.4	621.5	1.2
	8288773.6		0	27474.1	36	8298503.5	8298561.9	58.4	1052.3	649.3	458.9	741.1	16.9
	8288773.6		0	27474.1	37	8298803.8	8298812.1	8.3	449.4	766.3	362.1	778.2	0.8
	8288773.6		0	27474.1	38	8299054.1	8299087.5	33.4	349.3	814.5	725.7	870.3	6
	8288773.6		0	27474.1	39	8299346.1	8299379.5	33.4	802.2	885.1	1245.3	897.1	9.8
	8288773.6		0	27474.1	40	8299629.7	8299696.4	66.7	1267.4	906.6	256.2	643.3	26.6
	8288773.6		0	27474.1	41	8299863.3	8299871.6	8.2	171.3	637	170.5	635.2	0
	8288773.6		0	27474.1	42	8300046.8	8300080.2	33.4	178.6	644.2	225.2	247.7	7.8
	8288773.6		0	27474.1	43	8300171.9	8300180.3	8.4	273.3	209.6	279.2	207.3	0
	8288773.6		0	27474.1	44	8300372.2	8300380.6	8.4	295.1	219.2	345.4	244.4	0.7
	8288773.6		0	27474.1	45	8300630.8	8300647.4	16.6	371.1	300.8	363.1	413	1.4
	8288773.6		0	27474.1	46	8300839.3	8300856	16.7	323.5	457.2	310	458.2	0.4
	8288773.6		0	27474.1	47	8301106.3	8301281.5	175.2	298.7	442.8	88.9	86.8	16.8
	8288773.6		0	27474.1	48	8301373.2	8301381.6	8.4	78.4	109.3	168.3	113.6	0.6
	8288773.6		0	27474.1	49	8301465	8301481.6	16.6	158.5	130.4	94.1	148.5	0.6
	8288773.6		0	27474.1	50	8301690.2	8301748.7	58.4	101.2	142.9	546.1	184.2	12.1
	8288773.6		0	27474.1	51	8302057.4	8302099	41.6	567.1	149	879.2	128.2	6.1
	8288773.6		0	27474.1	52	8302374.4	8302382.7	8.4	917	84.8	1002.6	85.6	0.7
	8288773.6		0	27474.1	53	8302566.2	8302599.6	33.4	1008.8	106.4	747.8	336.5	6.9
	8288773.6		0	27474.1	54	8302899.8	8302925	25.1	727	354.2	643.7	454.4	2.9
	8288773.6		0	27474.1	55	8303258.6	8303266.9	8.4	618.7	494.2	606.7	497.5	0.1
	8288773.6		0	27474.1	56	8303483.8	8303492.2	8.4	583.6	565.6	580.5	562.2	0.2
	8288773.6		0	27474.1	57	8303700.8	8303734.2	33.4	549	573.9	222.6	645.6	6.4
	8288773.6		0	27474.1	58	8303992.8	8304001	8.3	200.4	652.6	173.2	620	0.6
	8288773.6		0	27474.1	59	8304268	8304293.1	25	152.6	601	191.1	246.6	5
	8288773.6		0	27474.1	60	8304426.5	8304434.9	8.4	195.8	182.5	201.5	186.9	0.1
	8288773.6		0	27474.1	61	8304760.3	8304802	41.8	194.7	202.6	63	195.7	3.3
	8288773.6		0	27474.1	62	8304935.4	8304943.8	8.3	70.7	242.3	72.3	243	0
	8288773.6		0	27474.1	63	8305119	8305160.6	41.6	94.4	263.5	564.2	210.6	11.1
	8288773.6		0	27474.1	64	8305511.1	8305536.1	25	569.8	135.4	709	120.9	2.6
	8288773.6		0	27474.1	65	8305778	8305819.7	41.8	755.5	89.5	1142.9	84.5	7.4
	8288773.6		0	27474.1	66	8306103.4	8306111.7	8.3	1132	96.2	1229.2	108.6	0.9
	8288773.6		0	27474.1	67	8306236.9	8306253.5	16.7	1257.9	173.1	1258.1	174	0.1
	8288773.6		0	27474.1	68	8306337.1	8306361.9	24.9	1249.3	185.6	979.3	190.1	4
	8288773.6		0	27474.1	69	8306637.4	8306662.3	25	977.1	161.7	1242.8	52.2	4
	8288773.6		0	27474.1	70	8306945.9	8306954.3	8.4	1209.5	100.2	1208.1	101.6	0.1
	8288773.6		0	27474.1	71	8307313	8307421.4	108.4	1274.4	100.8	1338.6	158.8	5.7
	8288773.6		0	27474.1	72	8307554.9	8307630.1	75.1	1383.8	108	758.7	173.8	13.8
	8288773.6		0	27474.1	73	8307888.7	8307919.7	31.1	738.3	163.4	485.7	180.6	6.9
	8288773.6		0	27474.1	74	8308055.5	8308072.2	16.6	492.5	216.5	381	221.9	1.4
	8288773.6		0	27474.1	75	8308205.7	8308239	33.4	379.1	253.2	743	242.1	5.5
	8288773.6		0	27474.1	76	8308430.9	8308439.3	8.4	722.8	222.4	724.6	213.6	0.1
	8288773.6		0	27474.1	77	8308631.1	8308656.1	25	722.3	233.4	538.3	109.4	4.1
	8288773.6		0	27474.1	78	8308981.5	8308989.9	8.4	504	122.5	504.2	125.6	0.2
	8288773.6		0	27474.1	79	8309198.4	8309256.8	58.4	506.5	160	502.4	711.3	14.8
	8288773.6		0	27474.1	80	8309582.1	8309607.1	25	513.8	701.3	682.7	828.4	4.5
	8288773.6		0	27474.1	81	8309740.6	8309757.3	16.8	663.8	826.1	463.4	829.1	2.7
	8288773.6		0	27474.1	82	8310207.8	8310266.2	58.4	418.8	850.7	1119.5	741.2	15.3
	8288773.6		0	27474.1	83	8310416.3	8310449.7	33.4	1135.2	727.9	1193.4	623.8	4.3
	8288773.6		0	27474.1	84	8310733.5	8310741.7	8.2	1216	589.8	1152.7	586.6	0.6
	8288773.6		0	27474.1	85	8311142.2	8311175.6	33.4	1104.1	594.6	1130.5	309.4	4.6
	8288773.6		0	27474.1	86	8311475.8	8311492.6	16.8	1188.1	309.4	1225.6	350.4	1
	8288773.6		0	27474.1	87	8311734.5	8311759.5	25.1	1246.7	379.2	1249.6	568	4.3
	8288773.6		0	27474.1	88	8312051.5	8312068.1	16.6	1263.4	602.5	1287.4	755	1.9
	8288773.6		0	27474.1	89	8312285	8312293.4	8.4	1347.1	794.1	1347.4	795.2	0
	8288773.6		0	27474.1	90	8312518.6	8312627.1	108.5	1362.4	798.1	1460.8	887.3	5.7
	8288773.6		0	27474.1	91	8312760.6	8312794	33.4	1386.7	878.9	1204.5	534.5	7.9
	8288773.6		0	27474.1	92	8313044.2	8313069.3	25	1184.3	483.8	1190.5	279.1	3.3
	8288773.6		0	27474.1	93	8313394.6	8313419.6	25	1232.9	277.7	1111.6	461.4	3.2
	8288773.6		0	27474.1	94	8313836.7	8313870.1	33.3	1099.8	479.7	1091.2	149.4	6.1
	8288773.6		0	27474.1	95	8314120.3	8314137.1	16.8	1083.9	165.4	1256.7	147.8	2.2
	8288773.6		0	27474.1	96	8314404.1	8314412.3	8.2	1235	195.1	1234.3	196.1	0
	8288773.6		0	27474.1	97	8314529.2	8314537.7	8.5	1271.9	211.5	1292.3	226.6	0.7
	8288773.6		0	27474.1	98	8314887.9	8315021.4	133.5	1329.6	271.8	939.3	448.8	11.1
	8288773.6		0	27474.1	99	8315346.7	8315446.8	100.1	950.5	511.4	1058.2	473.2	3.6
	8316248.5		0	2176.6	1	8316472.9	8316514.6	41.8	1050.8	444.8	681.5	299.4	9.1
	8316248.5		0	2176.6	2	8316856.7	8316898.4	41.6	715.4	276.3	1066.5	153.4	7.9
	8316248.5		0	2176.6	3	8317232.1	8317265.4	33.4	1100.2	135.7	1141.9	357.2	4.5
	8316248.5		0	2176.6	4	8317557.5	8317590.9	33.4	1146	383.5	691.1	408.4	8.7
	8316248.5		0	2176.6	5	8317857.8	8317874.4	16.6	676.6	468.1	593.7	599.8	2.6
	8316248.5		0	2176.6	6	8318041.3	8318049.7	8.4	568.7	655.8	567.2	683.6	0.4
	8318429.3		0	1105.4	1	8318433.4	8318466.8	33.4	549.6	675.2	700.4	304.6	7.8
	8318429.3		0	1105.4	2	8318958.9	8318984	25.1	689.8	335.8	395.5	428.2	4.8
	8318429.3		0	1105.4	3	8319192.6	8319200.9	8.3	361.1	477.9	298.1	485.3	0.5
	8319541.1		0	2546.2	1	8319709.8	8319734.7	25	294.3	511	590.8	377.5	5.4
	8319541.1		0	2546.2	2	8319976.8	8320051.7	75	654	346.3	1078.9	520.4	10.1
	8319541.1		0	2546.2	3	8320293.8	8320302.1	8.4	1098.1	544	1023.5	550.1	0.8
	8319541.1		0	2546.2	4	8320410.5	8320435.6	25.2	977.9	572.6	763.2	543.5	3.5
	8319541.1		0	2546.2	5	8320677.5	8320727.6	50.1	781.4	518.6	1179.7	122.1	13.3
	8319541.1		0	2546.2	6	8321044.6	8321086.2	41.7	1126.2	159.5	743.1	570.4	10.9
	8319541.1		0	2546.2	7	8321428.3	8321470	41.7	664.9	569.2	248.9	582	8.3
	8319541.1		0	2546.2	8	8321728.6	8321736.9	8.4	251.1	643.1	256.7	654.8	0.3
	8322090.2		0	1507.1	1	8322245.8	8322279.3	33.5	330.1	645.7	675.5	366.3	9.2
	8322090.2		0	1507.1	2	8322654.7	8322729.7	75	752.5	368.8	412.5	681.5	13.9
	8322090.2		0	1507.1	3	8322980	8323038.4	58.4	398.8	673.3	420	152.5	14.8
	8322090.2		0	1507.1	4	8323155.2	8323163.5	8.3	390.5	105.4	382.9	91.7	0.1
	8322090.2		0	1507.1	5	8323280.3	8323288.7	8.4	401.2	151.2	402.5	153.2	0.1
