													
	8925034.8		0	1258.4	1	8925358.8	8925367.2	8.4	685.1	492.3	684.3	496.6	0.1
	8925034.8		0	1258.4	2	8925550.7	8925584.1	33.4	658.7	481.5	543.6	298.9	4.4
	8925034.8		0	1258.4	3	8925817.7	8925851.1	33.4	525.2	287.7	331.4	728.2	9.3
	8925034.8		0	1258.4	4	8926009.6	8926017.8	8.3	305.2	775.1	278.5	770.4	0.2
	8926295		0	774.1	1	8926476.7	8926501.7	25	269.3	766.2	317.7	581.6	3
	8926295		0	774.1	2	8926668.5	8926685.3	16.7	387.6	574.2	481.6	675	2
	8926295		0	774.1	3	8926968.9	8926977.3	8.4	498.7	612.3	500	606.4	0.1
	8927069.4		0	783.8	1	8927269.3	8927302.6	33.4	502.4	525.1	497.6	253.1	6.5
	8927069.4		0	783.8	2	8927494.5	8927511.1	16.6	495	231.8	697.2	233.9	2.5
	8927853.9		0	1893	1	8928178.5	8928211.9	33.4	766.6	239.9	1218.9	245.9	8.6
	8927853.9		0	1893	2	8928545.6	8928579	33.4	1184.1	256.1	1260	656.5	6.5
	8927853.9		0	1893	3	8928829.2	8928846	16.7	1265.9	678.8	1161.4	906.1	2.7
	8927853.9		0	1893	4	8929029.5	8929071.2	41.8	1105.2	902	428.3	894	14.3
	8927853.9		0	1893	5	8929204.7	8929338.1	133.4	382.3	884.9	175.1	807.1	9.6
	8929751.7		0	1029.7	1	8929913.8	8929947	33.2	137.9	777.1	369.6	435.7	7
	8929751.7		0	1029.7	2	8930097.3	8930113.9	16.6	408.2	394.6	545.4	396.2	1.3
	8929751.7		0	1029.7	3	8930255.8	8930272.4	16.7	472.1	386.7	275.5	228.3	4.8
	8929751.7		0	1029.7	4	8930464.3	8930481	16.7	216.4	216.5	67.1	220	1.9
	8929751.7		0	1029.7	5	8930731.3	8930781.4	50.1	134.2	251.8	138.8	264.4	0.3
	8930789.5		0	1351.6	1	8930964.9	8931006.7	41.8	142.7	261.5	505.3	456.6	8.3
	8930789.5		0	1351.6	2	8931165.1	8931173.4	8.3	528.3	408	521.9	503.1	0.7
	8930789.5		0	1351.6	3	8931273.5	8931290.3	16.8	500.8	502.2	495.8	304.3	2.6
	8930789.5		0	1351.6	4	8931523.9	8931582.2	58.4	509.7	290.8	1190	112.4	16.8
	8930789.5		0	1351.6	5	8931824.1	8931832.5	8.4	1142.8	124.7	1131.8	140	0.3
	8932141.3		0	784.1	1	8932341.3	8932366.3	25	1104.6	160.5	793.7	227.3	5.5
	8932141.3		0	784.1	2	8932474.9	8932499.8	25	792.9	250.9	1183.1	376.9	6.1
	8932141.3		0	784.1	3	8932716.8	8932725.1	8.2	1249.2	360.8	1255	360.1	0.1
	8932926.8		0	991.2	1	8933167.3	8933192.3	25	1263.5	363.2	1202.4	639.2	4
	8932926.8		0	991.2	2	8933409.2	8933425.9	16.7	1189.8	675.3	1011	760.2	2.1
	8932926.8		0	991.2	3	8933584.4	8933592.7	8.3	1036.5	787.1	1070	851.7	0.7
	8933926.1		0	976.5	1	8934076.5	8934126.6	50.1	1089.5	806.8	904	275.8	13.1
	8933926.1		0	976.5	2	8934427	8934435.3	8.3	916.3	224.4	1021.4	220.4	1.1
	8933926.1		0	976.5	3	8934543.8	8934560.4	16.6	1040.5	222.3	1144.2	436.6	3
	8934902.6		0	650.7	1	8935086	8935119.4	33.4	1113.5	498.8	793.5	413.1	5.7
	8934902.6		0	650.7	2	8935227.9	8935244.5	16.6	733.8	393.7	681.5	387.3	0.8
	8934902.6		0	650.7	3	8935494.7	8935553.3	58.5	629.7	340.7	631.1	335.6	0.2
	8935559		0	1137.1	1	8935853.5	8935870.2	16.8	631.3	333.8	607	119.3	2.7
	8935559		0	1137.1	2	8936053.7	8936128.8	75.1	554.3	75.3	1037.3	71.6	13.2
	8935559		0	1137.1	3	8936262.4	8936270.6	8.2	1086.1	104.9	1083	106.8	0.1
	8935559		0	1137.1	4	8936362.3	8936388	25.6	1093.7	120.4	1323.6	124.4	3.9
	8936702.2		0	1971.1	1	8936971.4	8937004.8	33.4	1213.7	167.6	969.3	439.7	8.1
	8936702.2		0	1971.1	2	8937179.9	8937213.3	33.4	942.2	413.4	1176.1	795	8.4
	8936702.2		0	1971.1	3	8937463.5	8937513.7	50.1	1139.5	818.5	508.8	844.9	15.5
	8936702.2		0	1971.1	4	8937731.8	8937747.3	15.5	502.6	840.4	280.2	840.2	2.6
	8936702.2		0	1971.1	5	8937972.5	8937989.3	16.7	277.2	809.2	289	556.2	2.9
	8936702.2		0	1971.1	6	8938222.8	8938247.8	25	308.7	487.9	312.1	273.5	4
	8936702.2		0	1971.1	7	8938416	8938431.3	15.2	304.7	210	429.8	209	1.1
	8938678.3		0	879.2	1	8938865.1	8938890.1	25	427.5	171.5	709.3	286.3	3.8
	8938678.3		0	879.2	2	8939048.6	8939073.6	25	713.5	329.7	924.4	231.6	3.5
	8938678.3		0	879.2	3	8939232.3	8939240.5	8.2	944.5	162	1056.6	176.9	0.9
	8939565.5		0	667.7	1	8939782.7	8939791.1	8.4	1141.9	206.6	1184.8	119.8	1.1
	8939565.5		0	667.7	2	8939924.6	8939933	8.4	1208.5	98	1031.3	100.9	1.7
	8939565.5		0	667.7	3	8940024.7	8940033.1	8.4	970.2	81.6	969.5	77.6	0.1
	8940237.8		0	637.9	1	8940450.2	8940483.6	33.4	1013	86.1	1207.1	396.4	8.1
	8940237.8		0	637.9	2	8940608.7	8940617	8.4	1208.4	374	1199.4	328.8	0.8
	8940877.5		0	1858.5	1	8941092.5	8941100.9	8.4	1173.7	303.2	1269.9	356.1	0.9
	8940877.5		0	1858.5	2	8941251	8941276	25	1270.4	399.8	1268.6	706.2	5.2
	8940877.5		0	1858.5	3	8941492.9	8941526.3	33.4	1255.6	752.6	752.5	831	9.2
	8940877.5		0	1858.5	4	8941726.5	8941759.9	33.4	733.6	835.5	377.4	819.7	5.6
	8940877.5		0	1858.5	5	8941926.8	8941935.1	8.4	316.3	811.8	221.4	816	1.3
	8940877.5		0	1858.5	6	8942152	8942185.4	33.4	200.5	825.5	293.8	436.6	6.4
	8940877.5		0	1858.5	7	8942419	8942435.6	16.6	293.5	374.4	226.1	191.9	3
	8942741.3		0	2097	1	8942911.1	8942944.5	33.4	292.1	160.4	647	218.9	7.5
	8942741.3		0	2097	2	8943186.5	8943228.2	41.8	672.3	201.7	1149.2	117.5	9.9
	8942741.3		0	2097	3	8943520.1	8943553.5	33.4	1144	171.4	1201.2	511	7.2
	8942741.3		0	2097	4	8943820.5	8943853.8	33.4	1220.7	514.7	1058.7	762.4	5.4
	8942741.3		0	2097	5	8944120.8	8944154.2	33.4	1000.9	788.6	564.9	795.1	7.6
	8942741.3		0	2097	6	8944279.3	8944287.8	8.5	481	779.7	480.6	778.1	0.1
	8942741.3		0	2097	7	8944454.5	8944471.2	16.8	465.3	782.2	296.5	688.2	2.5
	8942741.3		0	2097	8	8944554.6	8944563	8.4	281.3	655.9	267	609.1	0.6
	8942741.3		0	2097	9	8944813.2	8944838.3	25.1	229	553.2	224.1	549	0.1
	8944845.6		0	793.5	1	8945030.2	8945038.4	8.3	250	525.6	301.9	426.4	1.1
	8944845.6		0	793.5	2	8945180.3	8945196.9	16.6	341.8	448.5	537.6	581.3	2.7
	8944845.6		0	793.5	3	8945322.1	8945330.4	8.3	544.4	578.6	644.4	497.1	0.9
	8945645.2		0	828.3	1	8945839.4	8945922.8	83.4	656.5	437.8	539.7	128.1	7.9
	8945645.2		0	828.3	2	8946089.6	8946131.2	41.6	532.4	127.6	158	348	8.3
	8946477.6		0	546.4	1	8946673.6	8946681.8	8.2	223.1	334.8	349.5	336.8	1.4
	8946477.6		0	546.4	2	8946782	8946873.7	91.8	319.2	358.6	153.6	291.1	5.3
	8947025		0	909.4	1	8947224.2	8947332.6	108.4	120.3	284.1	778.7	295.2	15.4
	8947025		0	909.4	2	8947441.1	8947507.8	66.7	712.6	288.6	963.9	257.3	5.5
	8947025		0	909.4	3	8947649.6	8947666.3	16.7	972.9	206.5	804.7	95.5	2.5
	8947941.2		0	768	1	8948141.8	8948258.5	116.7	751.1	71.4	1248.2	341.9	14.7
	8947941.2		0	768	2	8948392	8948400.4	8.4	1225.7	348.6	1076.1	345.2	1.2
	8947941.2		0	768	3	8948500.6	8948517.2	16.6	1055.9	326.7	1272.7	335.2	2.6
	8948709.5		0	1242.7	1	8948992.8	8949017.8	25	1267.4	366.2	899.6	369	5.4
	8948709.5		0	1242.7	2	8949184.6	8949276.4	91.8	852.3	326.4	725	532	5.7
	8948709.5		0	1242.7	3	8949451.5	8949493.3	41.8	734.2	592.3	1200.1	831.5	11.8
	8949957		0	4800.4	1	8950127.3	8950160.6	33.2	1177.1	856.1	944.5	515.4	7.3
	8949957		0	4800.4	2	8950344.2	8950352.6	8.3	900.1	480.7	900.7	480.3	0
	8949957		0	4800.4	3	8950486	8950502.7	16.7	899.9	492.4	1105.1	648	2.9
	8949957		0	4800.4	4	8950794.7	8950836.5	41.8	1107	660.8	473	761	12.6
	8949957		0	4800.4	5	8951145.1	8951161.7	16.6	454.5	769	341.1	732.2	1.7
	8949957		0	4800.4	6	8951412.1	8951437.1	25	308	704.2	306	445.4	4.2
	8949957		0	4800.4	7	8951670.7	8951678.9	8.2	292.5	371.7	298.9	284.9	0.7
	8949957		0	4800.4	8	8951854.2	8951887.6	33.4	330.5	251.3	744.9	246.7	7.9
	8949957		0	4800.4	9	8952079.4	8952104.4	25	788.4	211	1054.7	203.2	4
	8949957		0	4800.4	10	8952346.4	8952363	16.6	1113.5	195.8	1314.7	249.8	2.2
	8949957		0	4800.4	11	8952605	8952655	50	1277.4	240.7	1275.5	136.6	4.5
	8949957		0	4800.4	12	8952738.5	8952855.3	116.8	1231.7	191.7	721.2	185.5	13.7
	8949957		0	4800.4	13	8952955.4	8952963.8	8.4	680.3	127.1	680.1	125.6	0.1
	8949957		0	4800.4	14	8953122.3	8953155.6	33.4	677.1	78.1	268.7	119.5	6.5
	8949957		0	4800.4	15	8953472.7	8953514.3	41.6	247.8	161.4	171.5	688.4	10.9
	8949957		0	4800.4	16	8953806.2	8953839.6	33.4	161.7	728.1	591.4	696	7.9
	8949957		0	4800.4	17	8954006.5	8954014.9	8.4	611	672.8	738	670.2	1
	8949957		0	4800.4	18	8954148.3	8954165	16.6	722.9	656.8	723.3	491.2	2.1
	8949957		0	4800.4	19	8954348.6	8954373.6	25	747.1	437.6	1084.7	777.4	7
	8949957		0	4800.4	20	8954532.1	8954565.5	33.4	1128.1	827.2	1077	920.9	1.8
	8954765.2		0	734.7	1	8954932.4	8954974.2	41.7	1054.4	891.2	1024.4	400.5	8.6
	8954765.2		0	734.7	2	8955199.4	8955216.2	16.7	972.8	391.1	710	466.5	3.9
	8955501.5		0	849.1	1	8955900.2	8955925.3	25.1	680.7	473.8	422.4	281.7	4.8
	8955501.5		0	849.1	2	8956083.8	8956100.4	16.6	358.4	262.5	284	243.8	1
	8956358		0	543.3	1	8956559.3	8956651	91.7	281	232.9	390.9	158.1	13.4
	8956358		0	543.3	2	8956842.9	8956901.2	58.4	361.2	155.2	265	64.7	3.8
	8956908.8		0	1544.2	1	8957101.5	8957134.9	33.4	289.3	103.5	470.5	232.6	5.3
	8956908.8		0	1544.2	2	8957435.2	8957451.9	16.6	622.7	235.3	424.2	100.4	6.6
	8956908.8		0	1544.2	3	8957819	8957844	25	430.4	103.5	870.3	268	8.4
	8956908.8		0	1544.2	4	8958052.6	8958077.6	25	935.6	294.5	1174	315.2	3.2
	8958454.5		0	2309.5	1	8958644.8	8958653.2	8.4	1140.4	337.7	1027.2	339.3	1.1
	8958454.5		0	2309.5	2	8958836.7	8958853.4	16.7	944.4	349.4	752.1	345.4	2.7
	8958454.5		0	2309.5	3	8959103.7	8959145.4	41.7	695	325.5	1193.1	334.9	8.8
	8958454.5		0	2309.5	4	8959429.1	8959437.4	8.4	1227.2	339.2	1184.3	238.4	1
	8958454.5		0	2309.5	5	8959604.3	8959612.5	8.2	1141.3	224.4	1139.8	225	0.1
	8958454.5		0	2309.5	6	8959704.3	8959712.7	8.4	1178.1	179.7	1161	143.6	0.7
	8958454.5		0	2309.5	7	8960046.4	8960088.1	41.7	1186.8	175	1245.6	680.6	12
	8958454.5		0	2309.5	8	8960355	8960380	25	1262.2	733.7	936.9	768.4	4.3
	8958454.5		0	2309.5	9	8960513.5	8960521.9	8.4	926.3	803.7	877.3	803.9	0.4
	8960764.4		0	775.4	1	8960947.4	8960972.4	25	859.8	810.6	592.5	788.9	4.1
	8960764.4		0	775.4	2	8961147.6	8961181	33.4	592	722.3	226.7	769.7	5.3
	8961541.9		0	565	1	8961714.8	8961739.8	25	251.5	705	264.7	398.7	5.5
	8961541.9		0	565	2	8961873.3	8961898.3	25	295.4	351.4	369	597.1	3.7
	8962109.4		0	1474.1	1	8962290.4	8962307.2	16.7	391	668.1	481.8	469.8	2.5
	8962109.4		0	1474.1	2	8962507.5	8962540.7	33.2	508.2	482.3	339.8	172.9	7
	8962109.4		0	1474.1	3	8962832.7	8962874.4	41.7	328.1	209.2	567.8	806.1	14.3
	8962109.4		0	1474.1	4	8963108.1	8963274.9	166.9	587.6	848.7	117.5	102.4	25.6
	8963589		0	2622.5	1	8963767	8963792.1	25.1	163	124	488	131.2	5
	8963589		0	2622.5	2	8964009	8964042.4	33.3	480.4	136.8	938.8	436.8	10.7
	8963589		0	2622.5	3	8964342.8	8964359.4	16.6	950	485.8	1210.2	696.4	4.1
	8963589		0	2622.5	4	8964559.6	8964609.6	50	1258	746.6	1281.3	523.5	4.6
	8963589		0	2622.5	5	8964834.9	8964860	25.1	1304.7	477.8	1305.3	183.1	5
	8963589		0	2622.5	6	8965185.2	8965243.7	58.5	1276.2	193.4	595.4	722.8	18.3
	8963589		0	2622.5	7	8965335.5	8965343.8	8.4	560.9	665	558.3	659.8	0.1
	8963589		0	2622.5	8	8965443.9	8965552.3	108.5	507	643	353.3	752.5	14.6
	8963589		0	2622.5	9	8965727.6	8965735.8	8.2	356.7	752.5	296.9	746.5	0.4
	8963589		0	2622.5	10	8965886.1	8965902.7	16.6	303.9	705.4	96.9	785.1	2.6
	8966213.9		0	856.8	1	8966369.9	8966403.3	33.4	55.2	778.8	196.7	340	7.6
	8966213.9		0	856.8	2	8966570	8966578.4	8.4	237.3	357.1	309.6	452	1.2
	8966213.9		0	856.8	3	8966837	8966853.8	16.7	281.5	488.4	193.6	671.8	2.3
	8967076.5		0	1879.6	1	8967245.9	8967270.9	25	189.9	698.8	294.1	411	5.6
	8967076.5		0	1879.6	2	8967479.4	8967504.4	25	314.4	344	643.1	366.9	4.5
	8967076.5		0	1879.6	3	8967654.6	8967671.3	16.6	660.7	418	655	193.3	2.6
	8967076.5		0	1879.6	4	8967946.6	8967988.3	41.6	657.3	176.9	1250.2	136.6	11.8
	8967076.5		0	1879.6	5	8968372.2	8968422.2	50	1203.9	161.1	1296.7	627.9	9.9
	8967076.5		0	1879.6	6	8968680.7	8968689.1	8.4	1300.3	653	1378.5	647.8	0.4
	8968957.9		0	1049.3	1	8969114.6	8969148	33.4	1322.4	641.4	1120.8	301.7	8.1
	8968957.9		0	1049.3	2	8969323.1	8969356.5	33.4	1067.8	285.8	573.5	466.6	9.4
	8968957.9		0	1049.3	3	8969581.8	8969598.5	16.7	574.6	464.9	370.2	647.2	3.1
	8970013.2		0	619.7	1	8970207.4	8970240.8	33.4	383	653	597.5	414.5	5.3
	8970013.2		0	619.7	2	8970382.5	8970399.3	16.8	597.3	388.4	365.8	557.5	3.6
	8970013.2		0	619.7	3	8970582.8	8970632.8	50	354.8	609.6	308.4	684.5	2.3
	8970637.2		0	696.4	1	8970816.4	8970841.4	25	330.6	654.8	350.2	315.8	4.7
	8970637.2		0	696.4	2	8971050	8971066.6	16.6	349.6	304.9	220.2	207.5	2.2
	8970637.2		0	696.4	3	8971275.3	8971333.6	58.4	160.6	209.7	152.9	209.1	0.4
	8971341.5		0	959.8	1	8971533.9	8971558.9	25	168.4	215.7	508.1	261.6	4.7
	8971341.5		0	959.8	2	8971784.1	8971817.5	33.4	494.2	291.5	641.3	632.2	6.7
	8972309.3		0	759.6	1	8972501.5	8972518.2	16.8	676.3	624.1	650.3	409.6	2.8
	8972309.3		0	759.6	2	8972718.5	8972751.8	33.4	625.6	353.4	303.3	221.1	6.3
	8972309.3		0	759.6	3	8972877	8972885.3	8.4	337.4	211.7	464.7	211.7	1.2
	8973077		0	1693.7	1	8973360.8	8973369.2	8.4	442.8	175.3	524.8	129.7	0.8
	8973077		0	1693.7	2	8973552.7	8973586.1	33.4	563.4	131.4	968.6	149	7.9
	8973077		0	1693.7	3	8973853	8973861.3	8.3	997.6	160.2	1149.3	165.9	1.4
	8973077		0	1693.7	4	8974186.7	8974228.4	41.7	1152.5	186.5	1348.6	612.9	9.2
	8973077		0	1693.7	5	8974328.5	8974386.9	58.4	1410.1	591.3	1336.5	688.3	4.1
	8973077		0	1693.7	6	8974478.7	8974487.1	8.4	1321.3	739.3	1331.4	814	1
	8974773.1		0	1924.6	1	8974945.9	8974987.5	41.6	1331.4	851.5	1074.7	539.2	7.2
	8974773.1		0	1924.6	2	8975154.4	8975204.5	50.1	1042.7	513.9	1223.3	126.6	9.7
	8974773.1		0	1924.6	3	8975396.4	8975429.8	33.4	1257.4	144.6	1287.3	112.8	2.9
	8974773.1		0	1924.6	4	8975538.1	8975613.3	75.2	1279.2	126.4	337.4	155.9	23.6
	8974773.1		0	1924.6	5	8975921.9	8975955.3	33.4	315.8	118.1	704	414.8	9
	8974773.1		0	1924.6	6	8976197.2	8976231	33.8	722.2	408	978.9	727	8
	8974773.1		0	1924.6	7	8976447.5	8976464.2	16.8	1019.7	757.6	852.5	801.6	1.8
	8976700.4		0	598.1	1	8976898	8976923	25	865.3	808.1	737.3	542.2	4.9
	8977308.2		0	1008	1	8977573.7	8977582.1	8.4	761.5	587.8	765	585.9	0.2
	8977308.2		0	1008	2	8977665.4	8977707.2	41.8	756.3	573.5	367.2	232.5	10.7
	8977308.2		0	1008	3	8977949.2	8977982.5	33.3	371.1	285.9	497.1	812.8	9.4
	8977308.2		0	1008	4	8978115.9	8978132.7	16.7	506.9	827.6	593	911.4	1
	8978316.5		0	1559.8	1	8978499.6	8978516.4	16.7	578.8	824.6	666	559.3	4.4
	8978316.5		0	1559.8	2	8978741.6	8978775.1	33.4	689	504	1076.3	696.9	8.1
	8978316.5		0	1559.8	3	8979025.2	8979050.3	25	1093	724.9	1374.8	725.4	4.3
	8978316.5		0	1559.8	4	8979242.2	8979292.3	50.1	1334.2	731.4	1306.9	227.2	10.7
	8978316.5		0	1559.8	5	8979400.6	8979409	8.4	1266.4	272	1264.5	276.3	0.1
	8978316.5		0	1559.8	6	8979575.9	8979584.2	8.4	1239.1	269.1	1118.7	267.9	1.2
	8978316.5		0	1559.8	7	8979717.7	8979726	8.3	1066.7	230.1	1066.6	228.6	0.1
	8979877.6		0	666	1	8980126.5	8980151.5	25	1076.4	172.9	803	411.1	6.9
	8979877.6		0	666	2	8980318.3	8980326.7	8.4	803.6	478	906.7	574.2	0.8
	8980548.5		0	996.1	1	8980777.2	8980810.6	33.4	886.5	513.7	813.8	230.2	5.6
	8980548.5		0	996.1	2	8981019	8981052.4	33.4	795	203.4	378.3	217.1	7.8
	8980548.5		0	996.1	3	8981261	8981277.7	16.7	336.5	241.5	139.2	337.5	2.9
	8981548.1		0	705.7	1	8981744.9	8981761.5	16.6	190.1	367.9	481.6	374.3	4
	8981548.1		0	705.7	2	8981895	8981928.4	33.4	559.6	373.5	507.2	605.1	4
	8981548.1		0	705.7	3	8982036.9	8982061.9	25	447.4	601.2	417.5	605.5	1.2
	8982261.2		0	2111.5	1	8982462.4	8982487.4	25	404.7	615	571.5	417.9	3.8
	8982261.2		0	2111.5	2	8982729.3	8982746	16.7	593.2	348.6	730.2	318	2
	8982261.2		0	2111.5	3	8982879.5	8982887.7	8.3	766.5	257	770.4	254.8	0.1
	8982261.2		0	2111.5	4	8982980.9	8982996.2	15.4	843.4	251.9	1109.7	251.3	3.9
	8982261.2		0	2111.5	5	8983271.5	8983313.3	41.8	1162.3	253.1	1262.3	796.2	11.2
	8982261.2		0	2111.5	6	8983622	8983630.3	8.3	1246.1	825.4	1139.4	825.9	0.9
	8982261.2		0	2111.5	7	8983780.5	8983822.1	41.6	1113.8	836.6	446	677.6	13.8
	8982261.2		0	2111.5	8	8984072.5	8984080.7	8.3	410	658.9	293.7	790.9	1.6
	8984380.9		0	700.9	1	8984522.9	8984556.3	33.4	281.2	803.8	322.8	329.7	9.1
	8984380.9		0	700.9	2	8984723.1	8984789.8	66.7	353.1	275.9	288.6	279.2	2.9
	8985092.2		0	1900	1	8985298.8	8985315.4	16.6	357.7	288.6	570	290.1	3.9
	8985092.2		0	1900	2	8985524	8985540.7	16.6	645.6	283.9	739.7	373	1.5
	8985092.2		0	1900	3	8985724.2	8985749.3	25.1	749.8	383.6	1049.4	622.2	6
	8985092.2		0	1900	4	8985982.8	8986024.5	41.7	1026.3	619	1266.1	324.1	9.5
	8985092.2		0	1900	5	8986341.5	8986408.3	66.8	1260.7	278.5	307.1	596.3	24.3
	8985092.2		0	1900	6	8986658.5	8986683.6	25.1	304.6	591.9	534	741.2	4.5
	8986997.7		0	1980	1	8987159.1	8987192.5	33.4	496.5	742.6	518.9	339.3	6.5
	8986997.7		0	1980	2	8987426.1	8987442.7	16.6	544	334.2	677.8	432.2	2
	8986997.7		0	1980	3	8987668	8987684.7	16.7	688.2	454.6	689.6	646.2	3.1
	8986997.7		0	1980	4	8987868.2	8987901.6	33.4	712.5	687.3	258.9	708.4	8.2
	8986997.7		0	1980	5	8988068.5	8988076.7	8.2	301	686.3	299.8	574.5	1.1
	8986997.7		0	1980	6	8988260.3	8988293.7	33.4	291.2	534.4	265.5	190.1	6.4
	8986997.7		0	1980	7	8988518.9	8988568.9	50	250.6	193.1	684.2	148.5	10.4
	8986997.7		0	1980	8	8988727.5	8988744.2	16.7	700.1	113.5	472.7	105.7	2.7
	8988982.2		0	1505.5	1	8989177.9	8989202.9	25	474.8	97.5	688.1	261.2	4.6
	8988982.2		0	1505.5	2	8989428.2	8989444.9	16.7	718.9	271.5	1005.2	288	3.3
	8988982.2		0	1505.5	3	8989653.4	8989670.1	16.7	1037.3	309.2	1300.9	306	3
	8988982.2		0	1505.5	4	8989920.4	8989963.3	42.9	1309.8	272.7	1305.4	795.1	13
	8988982.2		0	1505.5	5	8990154	8990170.6	16.6	1264.4	845.8	1252.3	847	0.3
	8990491.4		0	1548	1	8990637.9	8990687.8	50	1212.1	816.3	737.8	321.6	15.3
	8990491.4		0	1548	2	8991013.2	8991021.6	8.4	725.4	319.4	820.8	386.6	1.2
	8990491.4		0	1548	3	8991196.8	8991230.2	33.4	826.4	412.9	420.7	594.1	8.3
	8990491.4		0	1548	4	8991505.5	8991523.5	18	410	645.7	201.9	679.7	2.7
	8990491.4		0	1548	5	8991622.2	8991647.3	25.1	197.3	698.2	192.5	399.5	4.1
	8992043.8		0	1997.7	1	8992239.6	8992247.9	8.4	164.5	328.4	176.1	250	1.3
	8992043.8		0	1997.7	2	8992364.7	8992373	8.4	213.2	196.6	217.2	197.1	0.1
	8992043.8		0	1997.7	3	8992464.8	8992498.2	33.4	224.8	193.1	629.1	184.7	7.2
	8992043.8		0	1997.7	4	8992706.8	8992740.2	33.4	618.4	162.2	1095.8	159.8	9.1
	8992043.8		0	1997.7	5	8993057.2	8993098.9	41.7	1119.2	175.9	1269.4	677.5	11.1
	8992043.8		0	1997.7	6	8993382.5	8993399.1	16.6	1269.2	731.5	1088.6	797	1.8
	8992043.8		0	1997.7	7	8993541	8993582.8	41.8	1138.4	807.2	525.8	819.2	12.3
	8992043.8		0	1997.7	8	8993749.5	8993791.3	41.8	467.1	826.1	196.1	822.8	5.3
	8992043.8		0	1997.7	9	8993999.9	8994041.5	41.6	151.2	793.8	150.2	792.7	0.1
	8994043.6		0	1307.7	1	8994191.7	8994225.1	33.4	149.9	801.3	288	449.4	6.3
	8994043.6		0	1307.7	2	8994542.1	8994575.5	33.4	303.3	400.6	633.8	240.5	6.8
	8994043.6		0	1307.7	3	8994767.4	8994792.3	25	625.4	217	1005.9	207.1	6.9
	8994043.6		0	1307.7	4	8994900.9	8994909.1	8.2	1061.5	163.9	1063.3	162.7	0
	8994043.6		0	1307.7	5	8995076	8995092.7	16.8	1061.9	140.1	1163.1	127.5	1.5
	8995356.3		0	1571.7	1	8995551.6	8995568.2	16.6	1102.1	103.8	949	207.6	2.3
	8995356.3		0	1571.7	2	8995751.7	8995793.4	41.7	905.2	216.9	379.8	215.4	10.4
	8995356.3		0	1571.7	3	8996085.5	8996127.2	41.7	359.5	223.7	359.9	698.6	9.1
	8995356.3		0	1571.7	4	8996302.3	8996310.7	8.4	282.2	694.5	159.2	709.8	1.4
	8995356.3		0	1571.7	5	8996527.5	8996569.3	41.8	148.3	729.8	778.1	746	12.9
	8995356.3		0	1571.7	6	8996752.8	8996762.5	9.7	842.2	773.7	853.5	772.4	0.2
	8996931.5		0	2048.8	1	8997086.5	8997128.3	41.7	852.9	758.5	812.5	372.4	8.2
	8996931.5		0	2048.8	2	8997378.5	8997403.5	25	779.2	364.8	647.6	169.3	3.8
	8996931.5		0	2048.8	3	8997670.5	8997706.4	35.9	667.8	160.8	1144	171.3	8.8
	8996931.5		0	2048.8	4	8997987.5	8998012.5	25	1146.7	208.2	1308.7	510.4	5.2
	8996931.5		0	2048.8	5	8998287.8	8998329.5	41.6	1297.7	573.7	577	691.5	14.6
	8996931.5		0	2048.8	6	8998538.1	8998563.2	25	525.1	696.2	239.7	828	4.3
	8996931.5		0	2048.8	7	8998663.3	8998671.6	8.4	182.8	835	143.4	839.7	0.5
	8998983.1		0	1949.3	1	8999130.3	8999180.4	50.1	157.3	861.2	226.8	294.7	11.6
	8998983.1		0	1949.3	2	8999472.5	8999497.4	25	242.6	292.5	531.6	499.5	5.2
	8998983.1		0	1949.3	3	8999764.4	8999789.4	25	524.7	539.1	724.3	656.5	3.6
	8998983.1		0	1949.3	4	8999939.5	8999972.9	33.4	699.5	633.4	178.4	642	8.7
	8998983.1		0	1949.3	5	9000164.8	9000173.2	8.4	133	607.9	125.2	591.2	0.3
	8998983.1		0	1949.3	6	9000298.3	9000331.7	33.4	112.5	542.6	217.5	211	6
	8998983.1		0	1949.3	7	9000456.8	9000573.7	116.9	265.9	162.1	739.3	187.1	11.4
	8998983.1		0	1949.3	8	9000732.1	9000740.5	8.4	720.4	165.9	640	171.5	0.6
	9000939.7		0	852	1	9001224.4	9001257.6	33.2	633.6	195.9	278.3	214.3	6.4
	9000939.7		0	852	2	9001474.6	9001483	8.4	325.8	265	329.8	262.9	0.2
	9001795.5		0	2715.8	1	9002016.9	9002050.2	33.3	375.9	306.1	746.6	364.9	6.8
	9001795.5		0	2715.8	2	9002200.3	9002233.7	33.4	741.7	386.1	1016.3	611.8	6.9
	9001795.5		0	2715.8	3	9002534.1	9002559.1	25	1041	610	1331.3	847.4	6.2
	9001795.5		0	2715.8	4	9002767.7	9002826.1	58.4	1299.2	850.7	1206	190.4	14.7
	9001795.5		0	2715.8	5	9003151.4	9003184.8	33.4	1200.7	170.7	702	163.9	9.7
	9001795.5		0	2715.8	6	9003343.3	9003460.1	116.8	648.2	128.3	210.9	133.6	10.3
	9001795.5		0	2715.8	7	9003727.1	9003768.8	41.7	247.3	162.1	380.2	699.5	11.2
	9001795.5		0	2715.8	8	9003968.9	9003979.4	10.5	362.5	764.4	390.4	770.3	0.4
	9001795.5		0	2715.8	9	9004094.1	9004119.2	25	417	776.3	765.9	779.4	5.6
	9001795.5		0	2715.8	10	9004478	9004511.3	33.3	689.7	790.2	680.1	796.3	0.3
	9004518.7		0	960.3	1	9004703.1	9004719.8	16.6	672.3	787.5	663.4	493	3.8
	9004518.7		0	960.3	2	9004903.2	9004936.6	33.4	632.7	478.4	566.9	207.9	4.6
	9004518.7		0	960.3	3	9005153.6	9005161.9	8.3	553.3	183.4	631.2	181.2	0.6
	9005483.6		0	2189.3	1	9005821	9005912.7	91.8	564.3	156.2	1059.5	264.4	12.3
	9005483.6		0	2189.3	2	9006246.4	9006271.4	25	1091	303	1198.8	613.8	6.6
	9005483.6		0	2189.3	3	9006563.5	9006588.5	25	1193	681.4	888.8	811	5.6
	9005483.6		0	2189.3	4	9006780.3	9006813.7	33.4	889.9	854.9	495.1	763.1	8
	9005483.6		0	2189.3	5	9007030.6	9007047.3	16.8	484.7	758.9	237.8	758.4	3
	9005483.6		0	2189.3	6	9007239.2	9007264.2	25	235	779.6	220.3	535.2	3.9
	9005483.6		0	2189.3	7	9007472.8	9007481	8.2	183.6	472.8	183.7	467.8	0.2
	9007674.6		0	582.3	1	9007873.2	9007939.9	66.7	157.5	415	233.6	354.2	5.4
	9007674.6		0	582.3	2	9008123.5	9008131.7	8.2	187.6	303	184.6	302.4	0.1
	9008258.5		0	1274.8	1	9008498.9	9008532.2	33.4	173.6	306.4	511.5	201.8	7.1
	9008258.5		0	1274.8	2	9008740.8	9009249.7	509	548.4	151.5	1281.1	324	70.1
	9009539.1		0	578.3	1	9009800.3	9009808.6	8.3	1218.3	285.7	1194.4	207.4	0.7
	9009539.1		0	578.3	2	9010025.6	9010033.8	8.2	1120.8	218.7	1120.1	219	0.1
	9010123.3		0	1337.1	1	9010467.7	9010509.4	41.7	1119.5	204.4	612	115.1	10.5
	9010123.3		0	1337.1	2	9010793	9010826.4	33.4	576.3	98	165.3	99.1	7.7
	9010123.3		0	1337.1	3	9011110.1	9011126.7	16.6	169	142.8	313.1	344.6	4.1
	9010123.3		0	1337.1	4	9011385.3	9011460.4	75.1	295.6	414.3	294.8	404.2	0.4
	9011468.4		0	784.5	1	9011719	9011735.7	16.6	319.9	398.8	473.3	348	2.5
	9011468.4		0	784.5	2	9011885.9	9011910.9	25	474.7	288.8	829.5	304.8	6
	9011468.4		0	784.5	3	9012119.5	9012127.8	8.3	848.2	385.4	848.6	386.4	0
	9012259.5		0	919.4	1	9012611.6	9012653.4	41.7	840.7	385	1132.6	188.9	7.8
	9012259.5		0	919.4	2	9012903.6	9012912	8.4	1108.9	154.6	1047.7	154.4	0.4
	9013186.6		0	768.2	1	9013487.6	9013521	33.4	1050.9	125.9	1314.5	484.7	7.8
	9013186.6		0	768.2	2	9013712.8	9013721.2	8.4	1338.5	548.8	1347.4	552.1	0.1
	9013962.9		0	809.4	1	9014171.7	9014205.1	33.4	1313.5	553	951	548.4	8.3
	9013962.9		0	809.4	2	9014371.9	9014396.9	25	878.1	527.5	609.5	574.2	4.7
	9013962.9		0	809.4	3	9014563.8	9014572	8.2	573.3	613.1	571.1	610.5	0.2
	9014779.6		0	1260.8	1	9014997.5	9015005.9	8.4	538.3	542.8	540.7	514.3	0.7
	9014779.6		0	1260.8	2	9015131	9015139.4	8.4	554	430.4	557.1	431.6	0.1
	9014779.6		0	1260.8	3	9015222.8	9015239.5	16.7	571	386.6	629.7	260	2.3
	9014779.6		0	1260.8	4	9015489.8	9015523.1	33.4	637.2	223.5	1218.8	216.1	10.9
	9014779.6		0	1260.8	5	9015756.8	9015765	8.2	1203	268.8	1193.5	273.3	0.2
	9016042.9		0	1966.3	1	9016424.1	9016457.5	33.4	1222.6	342.6	1220.3	730.8	7.4
	9016042.9		0	1966.3	2	9016699.5	9016732.7	33.2	1208.8	737.7	734.4	809.1	8.7
	9016042.9		0	1966.3	3	9016883	9016916.4	33.4	715	865	266.8	844.4	8.7
	9016042.9		0	1966.3	4	9017166.6	9017200	33.3	256	813.4	232	479.6	6.1
	9016042.9		0	1966.3	5	9017391.8	9017408.6	16.7	201.8	436.3	195	255.7	2.6
	9016042.9		0	1966.3	6	9017542	9017550.3	8.3	200.6	193.3	202	195.4	0.1
	9016042.9		0	1966.3	7	9017633.8	9017650.4	16.6	234.9	198.1	478.8	324	3.3
	9016042.9		0	1966.3	8	9017825.7	9017833.9	8.2	498.2	341.4	509.6	290.1	0.5
	9018011.4		0	706.9	1	9018226.1	9018242.8	16.7	587.4	324.1	863.8	333.7	3.4
	9018011.4		0	706.9	2	9018417.9	9018426.3	8.4	850.2	344.9	814.6	348.1	0.4
	9018722.5		0	689	1	9018918.5	9018935.2	16.6	774.1	367.9	615.8	312.1	2.4
	9018722.5		0	689	2	9019018.6	9019026.9	8.2	579.2	277.1	458.9	274	1.1
	9018722.5		0	689	3	9019394	9019411.5	17.5	423.6	315.7	418.2	307.6	0.2
	9019420.3		0	1275.2	1	9019644.3	9019661	16.8	446.8	295.7	680	309.3	3
	9019420.3		0	1275.2	2	9019886.3	9019902.9	16.6	716.6	333.1	914.8	300.8	2.5
	9019420.3		0	1275.2	3	9020036.4	9020053	16.6	961.4	267.2	1128.7	224.3	2.1
	9019420.3		0	1275.2	4	9020320	9020361.7	41.7	1150.3	194.6	1057.3	591.3	7.7
	9020699		0	1823.5	1	9021012.5	9021037.5	25	1041.5	613.4	640.9	708	7.2
	9020699		0	1823.5	2	9021237.7	9021254.3	16.6	622.3	700.4	387.7	730.3	3.1
	9020699		0	1823.5	3	9021472.4	9021496.3	24	358.6	778.1	124	805.8	3.5
	9020699		0	1823.5	4	9021771.6	9021813.3	41.8	120.5	833.8	215.8	415.9	7.7
	9020699		0	1823.5	5	9022080.3	9022096.9	16.6	212	337.8	84.1	347.7	1.3
	9022523.2		0	2143.1	1	9022705.9	9022730.9	25	144.6	379.6	458	378.6	5.3
	9022523.2		0	2143.1	2	9022939.5	9022964.5	25	414.7	339	695.9	321.7	4.8
	9022523.2		0	2143.1	3	9023048	9023056.3	8.3	708.5	236.2	710.2	233.3	0.1
	9022523.2		0	2143.1	4	9023198.1	9023223.1	25	727	251.2	1003.4	337.9	4.8
	9022523.2		0	2143.1	5	9023556.9	9023606.9	50	1018.8	345	955	111.7	5.7
	9022523.2		0	2143.1	6	9023840.5	9023865.5	25	991.6	135.8	1294.5	330.9	5.3
	9022523.2		0	2143.1	7	9024182.5	9024199.2	16.8	1272.7	386.7	1370.4	261.8	2.2
	9024667.7		0	2025.8	1	9024958.3	9025000.1	41.7	1355.7	250.3	966	352.5	9.9
	9024667.7		0	2025.8	2	9025150.2	9025175.3	25.1	971	381.6	1142.7	717.4	7
	9024667.7		0	2025.8	3	9025492.3	9025525.7	33.4	1157.9	770.2	588	815.7	10.9
	9024667.7		0	2025.8	4	9025784.3	9025800.9	16.6	551.9	820	447.8	644.5	2.5
	9024667.7		0	2025.8	5	9025926.1	9026026.2	100.1	362.9	629.9	530.7	474	5.4
	9024667.7		0	2025.8	6	9026226.4	9026259.8	33.4	543.2	453	478.1	143.5	5.8
	9024667.7		0	2025.8	7	9026485	9026493.4	8.4	492.2	102.3	494.7	98	0.1
	9026698.7		0	804.1	1	9026960.5	9027077.4	116.9	496.3	87.9	393.6	60.9	12.9
	9027506.7		0	1080.7	1	9027703	9027744.7	41.7	345.4	49.2	646.4	475.3	10
	9027506.7		0	1080.7	2	9027894.8	9027911.6	16.7	659.2	443	808.3	343	2.1
	9027506.7		0	1080.7	3	9028078.5	9028095.1	16.6	788.2	339.2	781.9	147.9	2.1
	9027506.7		0	1080.7	4	9028237	9028245.2	8.3	761.9	224.5	760.9	212.6	0.2
	9028588.6		0	732.8	1	9028879.3	9028912.7	33.4	753.5	211	1057.9	162.5	5.8
	9029323.1		0	2033.9	1	9029538.3	9029555	16.7	1060.8	122.5	869.3	278.4	3.1
	9029323.1		0	2033.9	2	9029638.4	9029646.8	8.4	831.1	339	830.8	342.4	0.1
	9029323.1		0	2033.9	3	9029880.4	9029922	41.6	812.4	334.1	1125.2	704.2	9.9
	9029323.1		0	2033.9	4	9030264.2	9030297.5	33.4	1152	732.7	622.8	867.9	10.5
	9029323.1		0	2033.9	5	9030457.5	9030497.7	40.2	560.5	858.4	196.8	824.7	6.8
	9029323.1		0	2033.9	6	9030631.2	9030647.9	16.7	197.1	789.2	171	565.9	2.8
	9029323.1		0	2033.9	7	9030864.8	9030873.1	8.4	154	492.1	151.9	490.1	0.1
	9029323.1		0	2033.9	8	9031048.3	9031081.6	33.3	142.4	467.8	162.7	141	6.1
	9029323.1		0	2033.9	9	9031223.5	9031240.1	16.6	215.5	161.1	408.3	168.9	2.5
	9031362		0	612.4	1	9031540.5	9031624	83.5	470.1	164.5	460.2	151.6	13.5
	9031362		0	612.4	2	9031782.4	9031790.7	8.3	414.3	126.7	352	118.7	0.5
	9031978		0	1506.3	1	9032182.8	9032216.2	33.4	354.5	105.2	861.8	224.2	10.1
	9031978		0	1506.3	2	9032333.1	9032349.7	16.6	930.3	204.2	1149.6	202.8	3
	9031978		0	1506.3	3	9032741.8	9032750.2	8.4	1143.6	153	1195.8	118.1	0.9
	9031978		0	1506.3	4	9032883.5	9032916.9	33.4	1179.2	102.6	1139.7	572	7.5
	9031978		0	1506.3	5	9033133.9	9033142.2	8.2	1127.3	610.1	1097.6	632.3	0.3
	9033491.1		0	1202.7	1	9033701.4	9033717.9	16.5	1075.5	641.1	916.7	517.3	2.5
	9033491.1		0	1202.7	2	9033959.8	9033993.1	33.4	895.2	496.7	896.1	189.1	5.9
	9033491.1		0	1202.7	3	9034243.4	9034268.5	25.1	860.4	169.4	519.8	363.6	6.3
	9034698.1		0	646.5	1	9034910.8	9034927.5	16.6	517.4	328.2	409.8	221.6	1.9
	9035354.4		0	1825.5	1	9035619.9	9035645	25	384.1	242	749.4	241.5	6.6
	9035354.4		0	1825.5	2	9035811.8	9035853.4	41.6	794.9	196.7	1127.9	125.4	6.6
	9035354.4		0	1825.5	3	9036153.8	9036195.6	41.8	1098.3	117.6	1255.1	579.2	9.9
	9035354.4		0	1825.5	4	9036470.8	9036504.2	33.4	1199	623.1	935.1	823.2	5.3
	9035354.4		0	1825.5	5	9036654.4	9036679.4	25	917.5	848.7	540.9	847.1	5.4
	9035354.4		0	1825.5	6	9036871.3	9036879.7	8.4	493.6	821.2	492.3	710.3	1
	9035354.4		0	1825.5	7	9037079.8	9037088.2	8.4	518.5	637.2	520.4	636.4	0.1
	9037185.8		0	678.3	1	9037655.4	9037713.9	58.5	487.2	589.1	438	191.3	8.9
	9037866.2		0	3076.2	1	9038197.7	9038214.4	16.6	390.2	138.7	458.7	276.7	2.2
	9037866.2		0	3076.2	2	9038372.9	9038397.9	25	483.6	328.2	756.6	490.7	5
	9037866.2		0	3076.2	3	9038564.7	9038589.7	25	749.8	497.3	937.8	374.7	4
	9037866.2		0	3076.2	4	9038765	9038773.4	8.4	969.9	347.9	1063.3	341.8	0.9
	9037866.2		0	3076.2	5	9038965.2	9039040.3	75.1	1059.5	311.9	1158.4	77	8.5
	9037866.2		0	3076.2	6	9039349	9039390.7	41.7	1152.1	132.4	1268.2	718.9	12.5
	9037866.2		0	3076.2	7	9039741.1	9039782.7	41.6	1270.3	738.7	806	658.1	9.7
	9037866.2		0	3076.2	8	9039932.9	9039949.6	16.6	767.1	668.8	730.4	613	1.3
	9037866.2		0	3076.2	9	9040225	9040258.3	33.4	715.2	588.6	235.2	662.9	8.9
	9037866.2		0	3076.2	10	9040533.5	9040558.5	25	264	697.1	100.6	852.5	4.6
	9037866.2		0	3076.2	11	9040925.7	9040942.4	16.8	129.8	880.9	129.5	907.3	0.4
	9040946.3		0	2123.4	1	9041125.9	9041159.3	33.4	105.8	882.4	188.2	418	8.6
	9040946.3		0	2123.4	2	9041351.1	9041367.8	16.6	203.4	425	204.6	229.6	2.5
	9040946.3		0	2123.4	3	9041618.1	9041651.5	33.4	205.9	156.4	613.1	153.2	6.5
	9040946.3		0	2123.4	4	9041860	9041885	25	648	106.2	959.7	104.6	5.2
	9040946.3		0	2123.4	5	9042202	9042227.1	25.1	962.6	84.9	1208.2	250.5	5.2
	9040946.3		0	2123.4	6	9042535.7	9042619.2	83.5	1234.9	302.4	1238	804	12.7
	9040946.3		0	2123.4	7	9042802.7	9042811.1	8.4	1228.2	832.9	1164.3	842.1	0.7
	9040946.3		0	2123.4	8	9042952.9	9043069.7	116.9	1142.8	837.8	1128.8	835.3	7.6
	9043081.5		0	2324	1	9043261.6	9043294.9	33.4	1132.9	824.9	935.1	559.3	6.1
	9043081.5		0	2324	2	9043478.4	9043495.1	16.6	922.2	549.5	926.2	336.5	2.9
	9043081.5		0	2324	3	9043687	9043753.7	66.7	911.5	272.7	1158	154.3	7
	9043081.5		0	2324	4	9044087.4	9044120.8	33.4	1149.2	145.3	710.2	143	8
	9043081.5		0	2324	5	9044337.7	9044396.1	58.4	692.3	107.7	237.1	116.4	12.1
	9043081.5		0	2324	6	9044688	9044721.4	33.4	270.2	179.8	373.1	593.6	8
	9043081.5		0	2324	7	9044871.6	9044879.9	8.3	361.8	601.6	432.4	629.9	0.6
	9043081.5		0	2324	8	9045046.8	9045063.5	16.8	423	655.9	194	840.9	3.7
	9043081.5		0	2324	9	9045188.7	9045197	8.3	125.4	870.6	122.7	871	0.2
	9045410.3		0	3624.2	1	9045589	9045605.8	16.7	71	884.9	235.6	672.2	3.3
	9045410.3		0	3624.2	2	9045772.6	9045814.2	41.6	253.9	595.9	722.8	511.5	9.3
	9045410.3		0	3624.2	3	9046181.4	9046189.7	8.4	714.6	482.3	721.9	368.2	0.9
	9045410.3		0	3624.2	4	9046456.6	9046481.7	25.1	742.6	324.1	819	189.7	3.1
	9045410.3		0	3624.2	5	9046707	9046732	25	875.3	174	1212.3	144.8	6
	9045410.3		0	3624.2	6	9047090.7	9047132.4	41.7	1205.9	155.6	1203.7	507	8.3
	9045410.3		0	3624.2	7	9047416.1	9047432.7	16.6	1223.4	553.8	1221.9	745.3	2.6
	9045410.3		0	3624.2	8	9047674.7	9047699.8	25.1	1198.6	795.2	908.5	797.7	5.5
	9045410.3		0	3624.2	9	9047900	9047925	25	832	800.8	597.4	739.1	3.6
	9045410.3		0	3624.2	10	9048158.5	9048183.5	25	566.6	750.4	223.1	747.1	7.6
	9045410.3		0	3624.2	11	9048567.3	9048600.7	33.4	195.1	727.5	197.8	369.2	6
	9045410.3		0	3624.2	12	9048784.1	9048792.5	8.4	188.6	306.9	190.4	285.4	0.3
	9049042.5		0	659.3	1	9049226.4	9049243	16.6	219	250.9	473.4	262.2	2.9
	9049042.5		0	659.3	2	9049418.3	9049443.3	25	462.6	230.9	406.2	229.6	1.5
	9049706.2		0	1071.7	1	9049918.7	9049927.1	8.4	401	228	533.2	235.2	1.1
	9049706.2		0	1071.7	2	9050043.8	9050068.8	25	555.6	262.7	924.7	218.6	6.6
	9049706.2		0	1071.7	3	9050202.3	9050219.1	16.8	966.6	161.7	967	161.3	0.1
	9049706.2		0	1071.7	4	9050327.5	9050344.2	16.7	1008.7	141	1315.3	188.1	4
	9049706.2		0	1071.7	5	9050502.7	9050511.1	8.4	1318.3	255.5	1313.3	303.1	0.4
	9050779.3		0	741.1	1	9051044.9	9051069.9	25	1303.7	306.9	1086	277.2	3.9
	9050779.3		0	741.1	2	9051253.5	9051261.8	8.3	1035.6	230.5	1034.8	226.8	0.2
	9051521.9		0	1358.4	1	9051729	9051745.7	16.6	1013.3	228.9	794.9	234.5	3
	9051521.9		0	1358.4	2	9051920.9	9051962.6	41.7	736.9	217.4	271.6	208.6	9.1
	9051521.9		0	1358.4	3	9052338	9052371.4	33.4	274.4	226.3	243.2	660.5	8.4
	9051521.9		0	1358.4	4	9052580	9052588.3	8.3	195.2	694.1	175.4	693.7	0.3
	9052883.4		0	697.6	1	9053072.1	9053088.9	16.8	166.8	655.1	424.9	644.4	3.4
	9052883.4		0	697.6	2	9053264	9053280.7	16.8	476.9	621.8	631.2	593.1	2
	9052883.4		0	697.6	3	9053472.6	9053481	8.4	626.4	515	624.1	510.9	0.1
	9053585.7		0	2347.8	1	9053856.3	9053889.7	33.4	635.2	521.1	1010.4	501.4	7.1
	9053585.7		0	2347.8	2	9054148.3	9054156.7	8.4	1025	454.6	961.9	451.5	0.5
	9053585.7		0	2347.8	3	9054415.3	9054448.7	33.4	984.5	462.3	1277.6	730.9	7.9
	9053585.7		0	2347.8	4	9054757.3	9054890.8	133.5	1331.9	726.8	1261.1	157.2	18.7
	9053585.7		0	2347.8	5	9054982.6	9054990.9	8.4	1219.1	210.3	1219.4	220.2	0.1
	9053585.7		0	2347.8	6	9055132.7	9055166.1	33.4	1178.6	278.8	787.4	275.8	7.3
	9053585.7		0	2347.8	7	9055257.8	9055266.2	8.4	770.3	202.2	768.3	195.4	0.2
	9053585.7		0	2347.8	8	9055408.1	9055449.9	41.8	775.6	147.2	381.3	137.3	7.6
	9055938.7		0	2455.8	1	9056292.3	9056309	16.7	362.7	96.1	192.6	103.9	2.5
	9055938.7		0	2455.8	2	9056517.5	9056592.6	75.1	222.7	171.1	372.9	595.6	11.2
	9055938.7		0	2455.8	3	9056876.2	9056901.2	25	347.3	593	160.7	869.1	5.3
	9055938.7		0	2455.8	4	9057126.5	9057151.6	25.1	178.4	866	521.5	855.3	4.5
	9055938.7		0	2455.8	5	9057335.1	9057360.1	25	483.8	883	702.6	782.6	3.6
	9055938.7		0	2455.8	6	9057543.7	9057552	8.3	695.4	762.2	719.2	658	0.9
	9055938.7		0	2455.8	7	9057718.9	9057760.6	41.8	740.1	637.1	769.6	239.7	7.9
	9055938.7		0	2455.8	8	9057935.7	9057952.4	16.8	802.9	253.1	969.3	194.5	2
	9058402.7		0	1017.9	1	9058753.3	9058786.7	33.4	971.5	213.3	1125.3	450.3	5.9
	9058402.7		0	1017.9	2	9059061.9	9059070.3	8.4	1158.6	440.2	1141.1	565.5	1.2
	9058402.7		0	1017.9	3	9059353.9	9059420.7	66.8	1107.6	627.5	1112.2	639.4	0.3
	9059425.9		0	2180.6	1	9059662.6	9059696	33.4	1107	635.3	1010.2	343.4	5.2
	9059425.9		0	2180.6	2	9059912.9	9059921.2	8.3	963.1	311.1	969	220.5	0.8
	9059425.9		0	2180.6	3	9060054.8	9060154.9	100.1	1006.7	159.6	1306.5	152.9	7.1
	9059425.9		0	2180.6	4	9060396.8	9060430.1	33.4	1289.7	165.6	1093	609.8	11.2
	9059425.9		0	2180.6	5	9060697.1	9060713.8	16.7	1088.5	628.6	988.9	835.8	3.3
	9059425.9		0	2180.6	6	9060914	9060955.7	41.8	1004.3	877.3	492.7	860.4	9.9
	9059425.9		0	2180.6	7	9061181	9061206	25	486.7	824.3	173.6	827.2	5.7
	9059425.9		0	2180.6	8	9061364.5	9061372.9	8.4	130.8	857.3	96	854	0.2
	9061610.5		0	613.2	1	9061764.9	9061814.9	50	94.6	777.1	181.7	335.5	10.7
	9061610.5		0	613.2	2	9061981.8	9062015.2	33.4	221.7	368.5	225.6	811.2	8.2
	9062225.6		0	890.8	1	9062365.5	9062415.6	50	205.2	841	277.9	268	12.4
	9062225.6		0	890.8	2	9062565.8	9062582.4	16.6	297.3	226.4	494.5	226.4	2.3
	9062225.6		0	890.8	3	9062757.7	9062782.7	25	524.4	222.2	672	512.1	5.1
	9063122.9		0	1186.5	1	9063316.5	9063333.3	16.8	663.3	507.7	784.5	382.7	2.3
	9063122.9		0	1186.5	2	9063533.5	9063566.9	33.4	804.8	367.1	1085.9	218.8	5.9
	9063122.9		0	1186.5	3	9063833.7	9063883.9	50.1	1060.8	244.4	386.7	650.3	16.2
	9063122.9		0	1186.5	4	9064042.4	9064050.7	8.3	370.6	661	266	671.4	0.6
	9063122.9		0	1186.5	5	9064200.9	9064209.2	8.4	284.7	729.7	286.2	740.6	0.2
	9064312.8		0	914.2	1	9064509.5	9064517.9	8.4	292.1	760.4	434.5	647.4	1.5
	9064312.8		0	914.2	2	9064634.7	9064643	8.2	467.2	582.6	466	579.6	0.1
	9064312.8		0	914.2	3	9064726.5	9064759.8	33.4	489	570.3	905.3	541.1	7.8
	9064312.8		0	914.2	4	9065051.9	9065060.1	8.2	916.5	464	914.3	463.1	0
	9065227.2		0	1509.8	1	9065452.2	9065477.2	25	932.5	453	937.8	188.4	3.7
	9065227.2		0	1509.8	2	9065652.4	9065727.6	75.1	947.8	156	1233.6	198.5	7.8
	9065227.2		0	1509.8	3	9065877.7	9065977.8	100.1	1184.4	227	1250	701.8	12.6
	9065227.2		0	1509.8	4	9066161.3	9066269.8	108.5	1280.3	743.8	503.4	847	20
	9065227.2		0	1509.8	5	9066411.5	9066486.7	75.1	527.1	850.2	641	821.6	7.2
	9065227.2		0	1509.8	6	9066586.8	9066595.2	8.4	631.7	821.5	701.9	824.4	0.4
	9066739.5		0	790.1	1	9066862.1	9066912.1	50	658	849.7	574.7	250.2	11.8
	9066739.5		0	790.1	2	9067087.4	9067095.6	8.2	561	223.2	643.2	322.2	1.1
	9066739.5		0	790.1	3	9067179.1	9067195.8	16.6	665.6	377.4	715.6	611.8	3.2
	9066739.5		0	790.1	4	9067295.9	9067304.3	8.4	717	690	718.6	688.1	0
	9066739.5		0	790.1	5	9067504.5	9067529.5	25	693.2	625	683	623.8	0.2
	9067530		0	675.2	1	9067704.6	9067721.4	16.7	686.6	630.7	663.6	391.5	3
	9067530		0	675.2	2	9067888.2	9067913.2	25	612.9	357.7	424.6	598.1	4
	9067530		0	675.2	3	9068146.9	9068205.2	58.4	420.7	649.3	424.1	666.3	0.5
	9068208.6		0	690.8	1	9068347	9068388.7	41.7	424	638.2	398.1	219.5	8.2
	9068208.6		0	690.8	2	9068580.6	9068589	8.4	395.8	223.6	396.8	118.6	1
	9068905.1		0	785.1	1	9069122.8	9069148	25.1	404.1	113.7	767.7	276.6	5.9
	9068905.1		0	785.1	2	9069398.2	9069414.8	16.6	811.1	292.9	638.4	368.8	2.5
	9068905.1		0	785.1	3	9069523.3	9069531.7	8.3	581	411.1	579.5	410.6	0
	9069698.1		0	776.2	1	9069957.2	9069982.2	25	576.4	434.3	966.2	384.2	5.9
	9069698.1		0	776.2	2	9070149	9070174	25	980.9	353.3	722.4	253.3	4.3
	9069698.1		0	776.2	3	9070466.1	9070474.3	8.2	645.8	231.2	645	228.4	0.1
	9070482.1		0	668	1	9070774.6	9070791.4	16.8	639.4	214.7	416.3	356.8	4.3
	9070482.1		0	668	2	9071108.4	9071150.1	41.7	364.8	387	366.4	401.6	0.3
	9071153.7		0	1631.5	1	9071525.5	9071550.5	25	375.9	410.7	308.9	712.1	4.5
	9071153.7		0	1631.5	2	9071884.2	9071942.6	58.4	314.9	751.8	1271.4	854.2	22.8
	9071153.7		0	1631.5	3	9072234.6	9072276.3	41.7	1239.8	833.9	1230.9	333.2	11.1
	9071153.7		0	1631.5	4	9072409.7	9072418.1	8.4	1221.8	252.7	1220.9	250	0.1
	9071153.7		0	1631.5	5	9072501.6	9072509.8	8.2	1216.5	238.4	1040.6	218.7	1.5
	9071153.7		0	1631.5	6	9072643.3	9072651.7	8.4	1014	178.3	966.7	178	0.3
	9072793		0	851.5	1	9073102.2	9073135.7	33.5	951.4	169.1	606.1	515.6	9.6
	9072793		0	851.5	2	9073310.7	9073327.4	16.7	587.1	561.2	761.9	596	1.7
	9073648.7		0	2323.3	1	9073827.9	9073836.3	8.4	710.6	607.7	671.5	487.9	1.1
	9073648.7		0	2323.3	2	9073978.2	9073986.5	8.4	633.9	437.9	645.3	303.1	0.9
	9073648.7		0	2323.3	3	9074236.8	9074270.2	33.4	665.5	303.9	254.6	290.5	7.7
	9073648.7		0	2323.3	4	9074612.1	9074645.5	33.4	260.4	303.2	217.5	717.7	6.4
	9073648.7		0	2323.3	5	9074862.4	9074870.8	8.4	193.3	733.1	189.4	851.8	1
	9073648.7		0	2323.3	6	9075020.9	9075071	50.2	176	847.3	1058.6	843.9	18.7
	9073648.7		0	2323.3	7	9075338	9075396.4	58.4	1094.7	831	1185	192.2	15.3
	9073648.7		0	2323.3	8	9075538.1	9075546.5	8.4	1157.8	181.4	1154.4	173.5	0.2
	9073648.7		0	2323.3	9	9075663.3	9075680	16.6	1204.4	144.7	1416.4	272	3.1
	9075978.5		0	827.7	1	9076130.5	9076172.2	41.7	1403.4	309.8	846.6	265.5	11.4
	9075978.5		0	827.7	2	9076380.7	9076405.7	25	811.3	250.7	1142.4	358.4	5.4
	9076809		0	881.5	1	9076989.7	9077014.8	25.1	1103.1	371.7	916.3	240.9	3.8
	9076809		0	881.5	2	9077173.3	9077198.3	25	929.1	259.9	762.8	489.6	4.1
	9076809		0	881.5	3	9077381.8	9077390.2	8.4	683.5	497.5	674.8	491.5	0.3
	9077697		0	745	1	9078032.5	9078057.5	25	593.5	447.9	227.4	580.7	5.6
	9078448.8		0	668.2	1	9078616.5	9078641.5	25	216.1	584.4	322.4	360.8	3.6
	9078448.8		0	668.2	2	9078858.4	9078866.8	8.4	300.1	313.9	177.9	313	1
	9078448.8		0	668.2	3	9079042	9079117	75	187.5	325.5	857.5	263	18.2
